100
318 52
258 0
337 133
958 855
925 647
414 300
763 746
581 998
413 923
961 619
29 778
196 341
737 619
423 343
972 949
525 290
353 135
642 690
268 953
545 193
600 311
846 715
57 427
713 823
702 675
442 732
805 991
425 542
610 201
238 934
502 115
224 855
250 219
546 519
172 443
64 772
107 262
839 164
41 552
339 744
579 134
828 384
125 605
279 87
806 869
22 660
984 598
516 234
817 414
105 989
857 522
113 964
784 952
481 826
857 172
570 436
306 750
173 431
355 804
519 514
673 893
174 657
491 42
243 661
456 349
2 314
871 468
630 655
420 463
481 629
636 403
418 942
505 591
726 213
395 245
727 420
490 253
77 333
296 320
994 752
21 349
418 892
817 401
900 589
864 733
219 852
489 637
795 994
580 521
207 327
118 286
747 608
540 176
293 836
848 640
588 870
989 359
114 806
760 366
747 624
