100
2453 3967
1083 5760
8938 8079
1986 134
2953 4419
2043 3131
8931 358
4441 9415
7099 3852
5690 6856
3276 829
3583 8598
5378 4224
9274 8618
8910 2465
2953 1363
2785 4036
3475 8075
8468 5462
8209 1421
9881 6604
4553 8812
3315 5346
4579 6766
5550 269
9974 8826
1098 9909
3776 6476
4134 9403
1447 3044
1868 752
759 4653
4789 4235
2728 9609
9697 7289
1030 5930
246 5583
1094 3561
7281 5673
6679 2831
2294 6653
8010 3392
6562 8138
6220 7048
7541 4019
92 9410
4772 852
4063 5913
5087 3144
5522 1136
433 6552
7066 679
8488 4512
592 2121
6537 7271
4953 8831
276 9315
2223 3191
7453 4795
239 4995
8815 332
4405 3587
7536 4820
5852 8975
7964 1374
111 8398
4278 3529
5429 9118
8041 6022
1240 4578
9645 2545
9761 9922
8212 1984
3113 5665
6779 3352
660 1946
36 1417
5533 7572
6238 1385
6547 4202
9111 6658
8952 9742
6539 4382
8860 932
6756 6452
1862 6401
5349 1623
6323 3561
9959 9436
9227 3091
9141 6239
5037 9177
7657 571
6750 247
8308 9649
4449 3772
2660 9754
3514 9199
488 8726
132 7244
