100
18888 92225
45112 19446
13676 43534
72422 70894
43773 94392
47345 1941
68637 74722
51271 48431
41804 57128
94850 44691
47641 2496
56017 49367
68862 68302
69636 11736
1850 98316
25450 20739
90541 70562
40185 4218
30449 28959
91464 74222
39703 55161
76163 24692
29884 43787
73123 88040
915 67974
49083 64909
86822 5100
14276 55684
89755 265
83772 91605
98581 9223
28696 5475
96137 68881
26045 26586
14192 17509
17161 70248
72671 9676
94940 18907
53463 84416
23299 54379
68742 72383
35640 55564
77483 49916
27600 67238
66533 11373
75196 65115
36948 3892
86942 33085
89126 12987
59672 19670
30496 76833
89918 19519
2861 1211
54778 56325
85627 78078
27056 54369
50461 62696
26285 27944
28964 53885
11535 95498
81610 3083
76965 18558
6975 63907
51644 96101
76894 27668
32124 23742
20853 22042
59614 23714
39605 14392
96391 25232
92470 23447
95953 42931
86143 22238
87228 15108
92476 15115
26958 74086
18198 20275
8997 41525
84182 60641
53979 77428
4661 86103
17522 25514
8145 77136
65580 64103
91529 61972
89335 83999
85419 1641
43283 87915
40231 30511
19375 49059
61978 62685
23146 80176
82960 32143
38053 67142
9136 92032
60922 13797
78135 78444
55663 2633
55581 37595
66736 63462
