1000
31982 68999
4802 70090
45174 18796
15269 80008
92517 31603
8149 94153
31615 9956
56145 32337
17335 25554
38885 25043
25349 68600
68834 93169
79462 72898
30275 93660
74161 53867
63130 22495
22867 67933
92585 68041
3081 7854
64401 11950
39458 72551
6103 71073
82507 78600
19763 99842
4154 58648
24886 29504
43600 93720
39025 23062
82970 69300
16723 73483
23168 96205
95978 46035
80490 88564
30428 83572
96418 94830
95522 52228
83733 17978
39654 66240
96578 59417
82434 17085
34417 23672
62941 78018
17392 1966
17432 16715
71267 50507
6550 94435
46713 2529
56822 27203
91093 3602
27127 3863
14784 22650
56092 98517
56980 95746
64757 53558
71515 63544
86995 5932
87216 49936
302 20961
51903 17735
37676 39522
84594 44226
33957 31307
63107 7131
74863 70552
27085 1990
74416 41870
40992 46860
40387 97972
58958 21497
67883 46825
85041 71230
52757 88609
21167 69412
9570 89422
87147 63598
28944 88093
24177 79253
19401 87284
2736 94264
74189 29821
12606 64957
71691 53599
11817 28431
67923 87127
49928 52158
33952 51321
23389 3061
56282 60908
72473 65853
50330 75972
45803 79274
64066 69980
74879 99819
73617 77615
10435 47806
7436 23041
12763 79128
92992 40932
23911 77268
44411 73839
29426 78363
41512 69167
97776 97794
30075 86602
79999 80405
78926 25803
76031 59344
12135 50910
59163 85752
28525 85950
49910 52314
25344 79025
31442 34688
19957 71705
11956 80720
45544 57735
75435 3408
43254 73212
17554 73330
76166 13906
53735 55092
56061 46119
14437 68196
97029 89952
70301 41907
75903 36563
94221 17599
15589 42015
52287 51898
13720 64244
32619 75616
38331 8054
95376 81585
97618 29282
54915 73784
43188 25003
45229 99249
87474 76018
83798 855
65970 54099
42762 58225
7014 53335
75824 22603
11702 28112
74502 41774
8708 23473
33742 63391
47879 29118
44976 61850
58401 16244
35634 17941
57599 97215
33543 45073
73233 17341
45928 39204
87792 5043
13781 94806
74730 89606
33762 2785
17718 24616
44559 42778
48089 94654
6169 12320
23772 67497
74170 98525
83741 26157
16467 57692
23372 50010
2765 96606
83703 65046
52162 71495
86441 65943
82653 77523
55549 16415
80308 89619
41031 41220
32397 5472
35874 54918
17793 75998
22416 91963
90876 6157
18120 7343
80202 41493
73705 99319
38099 73760
64365 6613
61607 67158
72556 44260
61034 28106
60676 57694
34077 18059
98914 82827
23532 51140
37745 41325
27139 76513
33288 18015
99023 67761
41710 79225
9254 31767
78544 63705
5527 59262
70318 83486
42772 42874
27746 3806
87332 4774
61501 37762
22834 76767
20589 46366
27908 74686
87691 71399
51200 37331
5766 50223
5092 47476
29448 30698
95595 24344
94403 17474
83606 81073
960 26379
40300 45058
30185 27632
49833 8038
81746 72667
84806 2335
35385 12714
93374 39428
465 44574
76759 6231
11149 98204
53707 56949
28902 65654
81293 23306
83128 64900
20731 440
91279 61031
45498 37816
88664 95331
45855 70410
84350 47013
89098 19735
76079 98824
59163 76544
43398 52275
82775 70899
50479 52834
27848 79381
18488 9141
19039 17968
90393 39771
18408 98024
802 80258
35841 5818
91942 98048
92581 76292
61413 98031
12380 37492
96855 71543
14036 56605
23818 96811
27504 90649
65997 55352
70031 84485
80845 5422
18805 71239
45193 53565
85615 62348
33823 37808
84518 25765
52208 77099
18410 13621
75130 30790
51113 71985
2333 65149
44942 42504
78312 72446
33153 44309
44150 19536
45146 24996
41311 63951
12587 2856
17516 14554
65204 67692
52363 49723
93457 4571
43174 11867
18193 18305
42657 69306
6642 61343
50808 51585
20199 29120
40383 69704
89782 84534
89241 34928
25882 46904
98880 54821
49760 16396
69375 31317
440 38090
97392 93898
42662 40566
22117 77207
75223 81127
62865 98218
58822 13673
66155 79021
59146 6538
48725 48928
7424 54318
83856 33306
1222 99088
4479 67335
31837 90207
98652 32277
28297 12396
42527 87311
52962 80997
64518 44538
62124 43736
59108 20946
73761 25263
16319 32907
31801 81396
98187 55578
35715 98396
5236 53289
13836 9716
36976 45673
99923 35628
94303 44572
64376 36830
31884 33691
17827 12754
78229 96303
56490 37337
33601 30252
78952 49920
79511 27105
31317 94051
82683 83384
8799 87920
36673 22635
13988 73650
84661 13911
25630 78964
74835 90007
15794 23071
23698 49974
35826 18279
46277 8668
71968 79879
55272 50920
29799 51136
78025 61116
45187 77061
60852 70338
64981 97526
9325 78969
87528 93986
9232 29510
72950 419
19517 5097
23491 59567
55071 59317
94198 1348
84337 66166
81227 39610
33438 27379
7098 27816
4847 68637
4877 65700
38975 69858
63226 48300
65179 67106
58639 90763
96616 47941
91182 32486
53038 14673
92053 8109
90342 2604
25810 91032
85122 23389
30642 18561
50768 37740
46377 55616
6377 67606
21316 61704
53816 894
26356 18995
84352 84995
26110 80968
32937 17292
13454 85975
48318 21860
10437 38660
40816 52599
29692 25938
75988 76686
44499 26757
30778 7228
98725 53507
74834 36393
31563 28650
37287 57920
63997 21639
59267 90107
18959 92204
23752 48766
94532 72070
70626 21321
27082 11442
73920 73127
37380 66260
66165 98232
93017 13296
21812 8094
83155 12999
44487 14719
58001 81774
72639 21999
19765 48258
28458 55077
40463 68562
3843 34995
40632 74469
72668 84067
2263 46588
57194 55995
29200 23359
70579 38570
53007 92392
46664 36163
5391 91152
50882 63392
89278 39873
1743 25396
88131 30202
80473 44946
98764 84316
96293 55749
58785 68961
39816 77400
31901 13362
33395 61102
53073 3975
99672 6081
12719 46336
42244 18110
53840 9478
97854 43119
49351 99598
68515 53834
46152 48988
98781 61268
49656 95074
17017 24793
64036 73185
2193 12289
86547 51940
73391 55973
72267 89415
62054 84986
35752 20650
19448 89592
30128 17303
49063 95831
16901 33930
49665 63053
99270 64798
40673 48926
59873 74043
73719 40261
47228 75912
52550 50128
44205 42294
6101 16472
31709 84507
1459 67461
5157 20907
73406 51637
38210 22469
47468 71463
72752 13485
50868 72022
78284 91542
20949 38157
65585 94668
94770 29165
86933 47320
95645 31138
89614 1746
47610 21324
2605 65421
5137 24114
2681 78543
75751 57243
17365 39571
28707 6469
53057 95927
78491 31341
87469 99440
85850 69406
10461 80620
14924 97394
44292 10569
44884 33907
28668 8846
71583 31273
74268 93072
55388 76949
87968 47491
34192 21685
87063 79251
28154 56472
75179 6645
4165 79000
22438 90015
64759 32899
86987 79683
46645 47631
6604 7881
97890 35272
16727 69473
66546 7347
62546 38286
84296 50514
85777 34841
88551 89192
14092 16705
45664 5623
23350 49829
976 62140
56196 65735
11391 59535
61770 74388
7167 68374
82269 5057
3647 98997
90883 86545
22696 69781
24831 6993
36647 26960
58186 25198
16153 88630
41903 78169
94254 81605
27999 11582
43746 547
77317 55137
60083 39087
29526 83602
23813 28147
5011 27460
43496 95894
14005 66193
65675 55188
73186 18674
82149 47724
43872 14654
36354 85775
92823 46960
83733 37174
58542 27479
54074 52211
98968 30509
91298 44846
14111 31464
72994 19122
75276 16490
31369 89282
82683 13396
60822 72221
32071 59323
19945 75943
73977 56300
78071 83153
19612 61804
20327 78155
5635 74401
30366 4603
21262 38017
65802 35373
85833 38796
70848 61109
55286 2217
66743 37970
31965 27566
26543 64036
86889 46489
56332 77219
19141 50755
60372 38753
12559 97051
33260 34546
87805 79979
55501 9067
34348 21303
60793 20181
60099 31641
81290 31738
50210 48034
86060 82175
75600 12603
62564 78841
59092 18896
72412 94585
69651 49136
49691 98562
46188 82951
49460 50345
79282 4961
59412 13630
26265 36557
33811 2716
68198 15102
50806 34760
63136 36866
33288 55088
49470 95852
50281 24914
14748 22694
19500 751
71830 69191
99313 34370
68494 48773
84715 47777
70086 60480
77759 12703
97037 11571
15420 81588
43025 66226
32700 22513
19445 65988
93953 68915
61840 44234
93829 92940
83280 29681
93691 55111
15224 9356
89481 83719
58129 90549
47848 44568
67381 25607
57271 64418
53530 89043
62358 12907
55270 95059
35420 91067
61047 45725
59982 39240
89960 70163
32180 89592
99845 25872
44703 15069
35228 50537
15140 9710
57438 79340
54278 24819
4948 11549
5589 74830
593 67948
87738 72215
79359 39510
63282 56758
85236 39616
95998 91548
9779 44531
97492 25976
70403 42196
57398 21983
9085 72538
31693 82875
51879 2323
7694 73179
13873 29635
64361 30818
97583 68451
19385 93294
7962 82667
66405 9550
38635 62403
17450 64766
23286 14942
90743 93689
73490 48141
32025 98927
37031 63718
98154 5262
66042 5848
78441 96267
35484 59155
43437 49419
27606 62822
59066 51920
61841 25471
61470 476
4226 95272
65242 27513
26567 72337
37554 16409
36830 69579
31689 73862
33298 29843
79124 15692
52044 73918
28311 87528
33073 88100
53299 60679
50922 12365
12600 29115
54188 90422
45943 58415
2047 27537
2280 44966
99875 39834
61375 36705
9414 9416
26919 59064
39260 22396
91108 91304
96314 19419
95184 45739
7519 64835
22770 74793
93553 51722
3908 47741
58497 49851
22508 60544
93740 24788
21862 93615
64623 99589
46673 74037
9006 73592
49453 48266
12340 40561
55922 8654
76332 51106
70745 203
15941 93516
91348 9494
45238 95256
73588 3735
61459 96096
80631 71551
20885 2493
65167 1860
18435 28192
92249 27441
18136 41702
92059 30477
98615 47981
55483 91299
15439 26229
91502 47732
36097 82850
73579 81335
94458 47167
1423 72269
59615 98406
43820 96852
17252 25339
98712 35687
53531 7313
63128 88020
65367 71539
18497 63982
19520 73980
55281 51311
16561 63135
99043 52658
45985 88974
50346 56795
52493 51769
45416 12109
66527 5589
8961 83779
30928 24026
35818 812
31339 15298
88832 96707
86837 23681
77041 22709
14013 32323
74020 30575
95458 89416
99585 57796
78390 49931
30943 30884
18052 76360
59345 84580
98301 84658
84711 29229
8684 20530
46393 56376
35828 51577
53083 22666
75258 46476
45375 5624
78799 35748
52551 90610
41516 52136
64758 36258
18420 12053
67142 36472
4765 42839
21052 3066
27498 5764
48648 36182
42646 95041
8910 78474
46619 78345
1140 38229
24822 62868
43853 3621
14968 12756
10583 56484
64893 91693
92742 83313
3747 76237
36137 24864
19076 57190
27931 46574
79306 76579
99109 21952
87972 8019
426 34591
86365 17919
89173 27539
97139 49378
31160 12107
62135 58096
68591 43380
66141 61333
43045 86240
37570 79182
11105 72999
52724 39036
19573 48382
31967 35034
70334 19939
59406 87113
70883 62123
21384 76408
89662 18523
25786 37174
30630 4273
11622 15573
64005 77764
76906 7050
64004 30829
2585 91461
3828 55309
46849 39753
3692 78816
91140 90378
15108 50546
93843 2343
29021 15227
78751 18683
33750 20889
72209 80732
41515 83832
96305 21872
77948 89564
28923 58304
20393 47860
49766 24221
3169 12967
80326 23213
8136 71466
13592 39596
22012 7435
41939 67385
39015 37042
2420 89117
74283 74630
69850 32150
74814 82507
54023 69114
72071 99298
27418 8816
47158 93536
49389 50327
22856 29716
89893 30992
1182 3485
70588 39547
27272 12527
6932 66287
65921 9353
71757 40204
335 41607
88707 91501
40466 42730
60615 28890
42028 4385
37706 89186
14274 87096
55865 37130
16812 45758
68122 34346
65595 55062
73893 9220
83941 97178
91859 49862
22883 63616
6418 23218
21575 95125
31071 62042
54207 8038
90932 96235
12423 44990
85421 43049
32086 57639
80179 65250
3397 64653
99597 85345
36067 89842
94565 20008
87020 86424
69870 9903
66393 92641
49473 87968
4118 80544
66362 58326
88582 73646
54561 17358
18637 56335
60407 67075
13974 56939
48678 33723
37944 48275
35420 74012
38117 46337
94020 25138
49114 80243
51393 15507
89236 867
19827 93354
97763 86190
51680 2698
76188 22594
20056 11177
78929 96815
78253 9255
70106 26931
59330 24403
91558 94751
98415 29675
57440 8787
71165 6554
5382 22559
22061 94618
39778 41889
87973 37541
44431 56005
40239 20619
78599 76647
31797 57528
89815 26402
83135 59921
69685 42466
84324 61243
53569 99091
7270 11009
7879 78436
17564 13261
17347 55977
24232 73477
14218 12205
11018 58649
68210 67610
95621 46810
44257 43770
20690 34072
70172 3826
10346 39857
62644 94670
17452 32565
10114 24722
59926 17993
19510 93842
47606 36857
49820 71838
26686 80390
395 37705
39040 68606
21667 51013
31768 82276
11135 68810
32701 97659
88988 43047
53868 51632
54069 71320
549 64183
96042 60476
98528 31905
54318 46135
85114 20490
34325 11801
881 34721
65858 56273
