1000
512 79
791 936
195 691
666 670
597 899
832 436
624 679
909 586
929 478
750 685
938 999
689 137
403 103
738 132
348 928
817 212
359 960
500 906
3 166
576 601
65 760
389 41
440 298
628 369
128 378
55 67
729 744
204 133
847 942
617 547
222 434
759 581
746 611
487 750
777 416
703 194
176 92
236 968
390 216
690 518
946 97
585 28
841 141
513 40
435 130
940 657
916 51
238 662
663 78
412 792
494 115
987 22
207 575
991 597
791 33
468 89
130 405
117 323
547 630
715 334
760 655
992 28
59 582
691 722
660 103
514 506
571 853
529 778
428 872
728 571
905 548
661 387
953 130
710 852
761 425
187 873
433 531
902 492
465 945
566 478
48 432
984 971
286 865
750 714
737 830
638 994
378 299
381 331
429 91
536 542
869 75
768 302
606 670
146 423
615 712
901 15
144 238
987 430
103 89
497 193
919 135
539 649
786 273
332 567
716 868
110 585
943 878
239 901
900 385
325 867
97 578
882 594
816 221
376 272
310 873
817 581
360 356
230 146
629 563
714 346
431 176
283 727
54 523
980 306
908 657
173 358
236 55
952 404
629 328
28 939
554 845
521 914
202 103
413 183
666 479
881 450
655 165
177 61
688 157
367 948
815 892
658 403
299 610
159 928
291 188
868 197
33 741
463 587
844 876
771 863
707 4
313 362
169 842
775 209
351 494
158 166
386 168
921 686
779 81
966 422
269 834
619 654
927 82
242 124
311 365
987 18
369 652
733 539
494 508
100 845
355 610
364 93
779 637
779 558
718 746
332 339
932 951
994 212
33 236
688 696
953 675
715 322
679 448
213 173
308 314
370 15
276 86
109 55
724 240
965 794
338 297
486 271
248 480
835 634
68 523
330 21
550 397
695 229
197 261
754 858
575 476
873 851
563 982
259 639
223 224
785 913
522 271
184 122
103 371
108 171
894 791
544 444
540 592
25 738
853 779
596 428
608 821
631 523
804 242
514 379
467 299
292 341
923 829
815 26
552 924
550 447
67 94
243 607
686 621
697 539
752 293
319 360
115 303
883 271
545 397
2 364
49 646
705 972
827 521
998 380
797 548
827 864
995 422
823 33
43 521
925 796
166 244
508 633
899 392
904 797
141 258
161 190
905 867
514 732
740 513
112 537
413 291
753 760
714 928
794 109
801 719
257 968
315 766
601 215
510 858
12 3
116 173
546 373
392 60
106 484
925 570
373 339
862 478
451 928
407 245
389 208
316 647
528 632
765 482
199 627
340 563
982 808
736 528
182 481
589 640
965 866
210 339
557 424
817 9
704 576
606 94
137 923
93 665
907 210
499 106
189 839
21 171
648 757
52 182
590 993
822 908
859 384
599 417
161 768
426 865
345 384
311 834
307 756
851 566
318 351
24 507
190 45
31 190
155 83
724 745
428 546
5 287
283 604
704 444
373 482
309 70
867 973
904 526
729 107
93 48
458 117
907 1
515 938
191 670
373 916
415 801
814 773
441 97
377 497
541 102
332 203
172 551
176 428
77 905
536 522
305 994
992 213
347 507
503 539
177 229
807 944
382 973
717 823
423 447
673 964
549 5
519 722
556 695
502 985
953 38
860 258
385 852
823 732
711 327
623 888
556 782
184 938
108 254
762 531
701 787
847 250
792 367
324 700
62 827
685 367
217 545
626 954
749 801
39 460
128 662
700 684
797 885
975 905
139 737
436 192
524 283
442 668
2 119
368 417
946 405
784 515
303 762
470 52
564 509
513 692
523 565
729 672
802 704
577 941
793 365
485 669
1 928
337 3
47 57
772 345
462 557
860 117
319 330
170 883
191 35
928 715
600 657
387 403
713 317
696 506
34 534
175 387
814 864
743 861
921 515
558 735
72 770
853 744
101 375
979 644
762 907
359 714
916 99
469 629
416 518
135 450
52 662
838 866
526 933
79 447
448 637
535 521
759 740
265 212
467 244
857 229
504 216
943 420
667 765
50 83
283 537
886 335
200 76
553 726
9 632
526 457
621 413
330 380
153 947
593 620
192 802
201 48
18 496
468 38
261 870
473 544
408 359
231 960
787 136
38 148
768 916
958 741
329 640
474 834
588 419
806 132
221 7
180 591
504 648
629 765
871 103
662 631
814 245
591 954
382 629
102 502
546 412
244 227
53 70
62 641
489 868
773 710
876 305
653 732
953 283
849 824
738 863
455 552
109 398
858 843
380 961
345 278
725 941
505 130
11 567
771 852
788 896
914 664
201 568
748 507
851 597
683 941
813 491
493 922
889 352
117 621
665 462
899 742
756 405
873 119
324 996
972 112
245 886
128 798
454 876
305 657
826 341
598 639
832 444
913 73
148 30
695 165
844 946
259 952
351 132
72 676
481 396
788 726
282 269
524 89
145 182
98 971
523 49
962 707
493 875
780 993
905 827
510 102
774 769
54 477
902 478
505 383
874 646
461 157
915 985
598 60
519 696
384 42
745 346
101 590
222 882
583 479
61 93
933 187
863 340
665 117
818 170
852 693
168 313
202 83
650 800
496 522
496 880
564 594
226 18
184 800
252 768
632 313
213 565
853 428
905 518
897 76
40 749
769 209
414 971
644 417
771 140
939 619
20 855
213 599
873 398
751 477
518 383
791 83
301 644
864 558
514 761
634 906
863 755
467 629
726 112
46 849
252 337
821 625
545 34
224 770
784 327
248 654
711 391
90 364
387 954
274 901
715 261
807 930
16 275
560 95
739 606
296 991
296 117
968 193
504 192
963 640
872 563
647 583
954 737
299 341
43 573
594 758
186 402
689 203
29 601
650 768
207 946
111 855
64 432
48 568
624 364
560 848
927 207
783 882
296 82
575 339
8 170
450 194
924 491
749 953
92 399
73 651
346 536
507 762
968 907
682 945
271 242
793 199
802 577
433 98
11 8
438 371
530 888
566 454
379 667
759 823
67 184
474 765
721 981
879 41
889 561
338 512
155 132
711 957
61 496
56 424
857 494
796 387
734 714
842 465
381 953
288 800
138 762
565 211
96 796
252 337
357 591
849 513
75 913
470 488
409 878
912 266
724 708
6 458
422 848
275 156
801 563
956 291
678 874
502 126
670 755
463 28
698 664
893 125
577 363
613 987
242 877
605 966
938 611
777 360
811 52
516 965
968 825
256 998
699 759
476 721
866 939
101 916
603 994
41 533
710 6
872 304
883 477
622 173
89 399
534 252
804 402
217 124
579 826
474 630
585 950
352 803
241 453
71 844
448 112
729 158
470 601
814 705
79 436
879 520
836 765
772 992
519 342
468 99
168 942
729 105
244 81
908 485
887 979
681 335
443 411
845 265
12 659
970 91
95 201
963 283
966 88
627 838
430 95
937 598
389 18
703 633
452 963
118 339
294 800
26 89
211 223
354 223
882 676
667 329
878 630
965 196
718 592
34 500
40 971
98 429
990 153
63 794
468 533
133 114
333 159
203 544
382 557
120 616
586 139
297 464
769 614
660 840
207 695
340 599
18 791
28 360
296 443
154 765
977 287
879 662
798 435
559 532
344 679
148 930
170 798
394 939
412 407
131 971
102 824
570 472
615 951
833 911
746 987
28 75
627 260
738 425
47 649
310 391
680 810
322 850
608 68
141 373
475 273
344 929
97 267
402 64
570 587
327 668
574 708
744 553
320 834
331 367
483 641
758 163
451 432
13 60
501 506
785 328
779 129
258 228
748 12
292 318
599 972
987 525
680 83
431 0
917 762
367 752
403 477
267 854
910 280
266 763
786 51
91 918
533 701
498 281
65 791
952 16
115 291
894 795
374 325
147 643
87 866
395 842
343 662
48 605
294 667
720 432
70 812
350 603
865 849
237 931
992 189
299 459
480 193
254 206
518 753
849 957
619 244
799 314
258 848
272 552
515 992
984 585
156 687
541 22
888 778
305 232
319 604
691 151
798 297
357 668
50 206
626 21
802 425
687 60
625 959
964 492
304 300
430 460
987 323
482 227
453 787
811 772
744 854
923 542
151 632
210 553
838 188
926 992
966 966
52 591
925 16
436 229
316 218
690 656
541 524
235 994
664 399
118 408
253 393
950 757
25 512
662 215
701 941
207 667
907 611
610 184
979 398
766 647
616 808
655 509
332 243
855 996
642 973
756 247
366 58
356 743
571 371
310 624
312 517
643 219
480 253
755 459
652 521
459 620
329 114
130 662
357 985
10 351
959 119
951 677
177 307
773 100
678 83
724 990
601 367
561 433
621 317
245 625
190 704
245 520
170 727
534 880
713 896
231 24
15 182
53 193
842 826
293 520
910 370
863 863
737 776
296 710
445 541
687 636
597 285
508 768
12 42
648 725
938 231
101 306
414 155
851 608
981 496
128 243
866 343
106 956
472 755
18 269
296 706
905 246
991 765
14 355
807 662
433 98
893 534
404 659
689 607
267 23
103 748
266 970
443 373
926 267
128 944
537 776
2 794
374 993
560 388
701 719
402 134
817 648
668 573
659 710
180 279
733 636
379 351
606 174
