100
59 33
11 95
19 43
85 85
69 46
84 55
52 34
42 51
69 14
35 3
85 81
30 13
70 32
73 78
88 8
10 47
41 22
94 12
65 79
97 86
26 34
41 30
68 35
33 37
2 69
93 39
2 75
52 24
59 77
54 99
85 64
46 78
86 41
91 3
72 40
89 50
26 82
33 95
18 66
84 72
87 29
11 41
57 64
65 16
41 19
16 79
84 14
9 70
7 52
74 80
93 15
82 19
98 15
66 68
34 3
40 73
84 51
15 41
67 80
58 61
52 26
92 36
40 1
58 0
54 84
32 47
0 14
18 50
82 85
18 16
40 10
89 24
13 56
66 81
89 76
42 41
54 34
29 94
87 39
46 41
24 78
40 76
93 59
26 27
96 96
43 88
58 84
12 71
93 30
52 82
6 46
75 60
32 4
7 20
43 53
61 19
84 2
95 29
13 21
56 61
