10000
3257 3215
4167 2359
2544 9276
9151 1795
8720 1984
3909 1215
7445 7022
1038 6643
7570 7085
6001 7804
2792 1757
7274 3833
7153 4565
766 6209
8227 6788
1274 7837
3 1793
196 8899
1070 5699
695 6142
4035 4604
7357 1480
7979 8395
8124 5549
1832 477
9705 4625
2235 6980
4810 5740
7897 1929
1950 2476
8717 9576
313 5072
7721 509
3972 5143
2560 4667
1285 6595
5623 4994
8076 3602
3389 2552
5504 5222
9381 5209
6199 1616
8541 7361
3709 2790
9290 2011
5267 4359
1587 5580
9432 5660
2442 3404
804 5002
4423 8441
7950 46
3436 6026
3649 3177
4930 5505
4751 4311
714 950
2280 9256
4664 5989
2046 306
8000 3665
4666 5939
5598 4098
1599 8040
3854 8755
9394 8277
7197 7344
4675 633
9722 8324
3810 4652
181 4914
5316 896
2216 7596
6504 6880
3585 4902
7187 7937
8568 1853
3876 4166
2303 1827
8558 6157
583 4304
786 7780
8001 5461
4765 7723
138 4927
8728 319
9841 4044
1215 2058
1640 4071
8938 1577
8974 2477
9514 7542
4330 3390
8060 2985
5217 2970
5494 2152
3626 6280
6284 1627
1742 1049
5703 8232
2329 4431
8551 2170
4827 6119
580 6467
190 9519
4396 9164
8348 3910
3058 9031
3652 7470
2016 5221
6792 7511
7374 419
143 3658
2046 8237
1060 7749
6469 3389
8532 1373
1911 3359
7492 2492
6178 7682
8363 574
3199 6711
836 2609
5742 4488
80 4111
9710 3224
1622 3436
3643 1765
7094 5690
6355 4506
9791 2824
7895 4676
4197 9807
8035 1689
8651 566
5724 7014
7492 5275
3725 8329
7884 5820
2817 4316
9931 8879
7541 7905
2315 1184
6022 5762
3226 2377
268 9370
5202 8164
4046 5751
4323 8433
3793 2974
8999 5869
6340 6492
1144 65
4821 9028
2237 3990
3345 2168
2870 7238
73 5185
8422 2448
7299 8001
4825 7568
7371 6379
2084 1417
8483 2759
9850 2276
5733 5202
4497 2073
1694 5641
8490 2867
1021 7080
6857 718
9248 9727
7956 5674
1265 2731
8122 8564
732 9299
6132 8103
5679 4568
9520 4162
7327 5722
2790 9412
924 7287
7837 2618
9280 6328
1837 301
9760 8695
7372 9008
4774 5328
1034 6039
8059 5508
956 8791
4808 3440
3246 6839
8009 9118
7353 5336
4841 6495
4749 5765
3782 2586
4736 9414
5266 6573
6067 5026
1620 3439
387 6395
8768 7773
2434 3179
3282 3390
8323 4442
3183 1569
7633 1192
688 1338
2880 1881
7833 7629
3998 7967
6568 5086
7381 8186
8012 3448
9565 9632
3240 9952
6027 8360
4077 4814
1539 3711
4556 6214
4505 7739
7784 2138
8931 4824
9828 1812
6705 7661
5793 7055
1980 8713
2142 5713
6900 154
5514 2817
9786 8754
2769 5814
7114 3198
6980 5005
6910 1536
1220 1415
9276 5356
9906 4559
6532 9734
2723 9589
7396 4869
6644 5728
3582 8786
1442 6834
8940 3308
9651 8727
2062 8772
893 9176
1971 7873
533 8881
5761 1753
6648 1389
3461 6554
5949 9993
6289 8672
9582 37
3541 6227
5765 3476
5013 3559
310 3954
6867 9962
9033 5281
5086 6278
4457 7057
4151 1343
2290 6264
3096 8939
7654 6558
5493 3603
2903 8134
8627 2486
8171 8521
8713 289
1997 78
200 8659
384 7068
4973 9417
8701 60
5695 3159
3469 6198
854 2112
2463 3950
1051 117
6860 2896
72 9764
7383 5051
8602 1906
3572 3667
8547 1921
3745 8748
6933 4130
2168 1906
9899 869
8318 1947
380 1788
4497 1234
252 3312
1537 1303
9781 4749
551 9853
865 7934
4905 9467
6193 4829
3134 4740
3103 3232
3488 36
3714 2008
1942 3613
2878 6613
1912 3258
8401 6410
845 5005
6074 2382
6308 5856
7131 3211
5709 4349
7498 6966
3816 3691
1796 3303
8431 4899
2887 8272
1287 6601
280 3229
6566 3158
9842 8479
2769 4595
1241 3614
9600 7315
2348 2260
3171 5831
1824 5233
180 9322
2199 349
9365 347
4 7796
1598 2891
2420 2885
9492 2701
2467 6058
2211 8661
889 4980
9609 8482
4946 5561
2150 3646
7822 1673
9478 5998
3258 6010
5320 5458
6359 4685
2157 6363
8833 108
9254 1254
9345 5098
3955 1812
7509 6166
6826 4750
7499 6435
9585 2445
1996 1735
6092 6170
9760 1922
2168 3019
7932 3840
4829 644
8525 3338
3359 3711
3446 8966
4965 2792
4064 5272
956 7925
7790 7782
2676 5289
569 2261
4087 2566
348 6531
5088 108
4805 3609
9479 2737
7449 4308
9733 2327
7647 3093
6038 7445
2059 7355
237 2475
8979 7546
6753 6769
5328 9429
8411 2250
8042 8850
4816 4742
1733 6256
4850 6538
9865 682
9275 7315
4990 5361
5994 8989
8454 8384
6435 6865
5739 6672
5692 1070
570 2445
7839 5899
8226 2602
8149 6268
7804 9317
1010 9537
1925 2213
6075 1791
2895 1703
5458 4237
7064 7804
3227 1870
6188 9662
8735 1927
2686 779
2997 3257
3225 7188
5508 1451
6143 9
4072 3947
5678 1434
9837 7603
9999 5912
5746 9246
7615 7556
3484 4679
5360 3063
6549 7900
2725 1636
6179 1763
2416 5528
5020 1993
2717 528
9796 5212
6889 220
5511 2567
1655 5348
6523 1654
1261 8621
7253 5228
6178 737
6260 7890
152 9161
5791 9229
7150 1970
992 9566
7499 2365
7911 6568
9245 4059
8132 6135
4280 3643
8702 5935
5344 1577
3941 6605
199 7546
8185 6377
8283 4445
619 4787
3607 2762
4016 757
4733 5009
6675 8584
7374 938
1504 6619
4997 9636
9106 9277
9631 4161
1564 4975
5738 1858
7932 5937
9404 6118
8666 4040
6915 5638
8827 522
8400 2844
7631 9485
4205 658
4421 7931
7948 5925
902 2946
1913 9
8575 7897
522 140
2872 6260
1998 805
8550 7754
3275 3568
1794 190
9206 622
7065 3959
9818 1048
3444 4023
8059 7866
8306 6007
143 9208
5305 2057
5569 3881
9954 6091
373 9178
8704 2371
6335 7254
125 9610
7174 8272
6153 6381
8894 3218
340 5064
618 136
5439 8677
4354 3745
4685 4498
9305 6342
2907 4875
223 9213
966 596
8391 9670
9319 1079
3276 5797
7041 451
4069 3194
3184 9315
2764 9876
4379 3383
12 9818
8412 719
3563 3097
5217 2868
5792 4476
4095 6015
3689 1414
2964 8432
1084 2283
5863 713
8080 2905
1164 8501
6099 4348
7816 5216
576 2195
8599 588
8365 7011
7659 8280
6461 2876
1149 2253
3704 1596
4620 3745
3010 7584
8530 447
9868 4393
1160 4300
3650 8676
9154 6102
9376 6970
1318 9952
5518 9917
6892 235
3280 4552
8516 6093
3780 6017
4698 7485
7613 9319
7582 624
6903 6112
1071 3123
6858 2231
3776 508
907 2930
6610 283
6252 4280
6587 8122
549 3479
8358 3830
8031 6874
6275 8164
2891 974
2001 504
6645 9583
1128 3548
2048 8551
3024 8906
782 3152
5766 8041
6082 8729
4676 2334
3009 1263
6809 3559
1095 5167
3741 5478
2041 16
3642 1284
7342 5643
1788 3987
1579 9269
3888 3627
4172 6912
8885 1307
64 1003
9348 2498
9732 377
1184 9094
7992 7993
2653 9087
3160 2746
4566 1553
2762 4560
2837 105
6556 978
444 8135
6599 4332
8114 771
1244 3351
2078 7660
4354 7779
158 439
8156 7695
9533 6148
5688 8538
1588 5201
1284 6154
6754 398
7066 9592
6855 3622
6922 7300
8109 3521
1632 2575
644 9229
5926 2723
3241 6633
502 9752
3424 5010
7447 9309
7510 9487
7847 9098
4688 5483
1604 1443
2233 8671
7387 5441
8645 4309
2741 6755
7830 725
9330 8474
6306 1609
7549 9548
8242 4403
5652 1666
5765 3099
975 3276
2586 5174
8726 7275
7009 331
5070 5594
5354 2457
1035 3999
6766 128
7106 948
854 6437
5774 3512
8046 3324
3060 2640
4079 5064
4306 9845
8163 1633
3121 7102
3159 1847
729 6520
8530 5799
2114 3884
8256 3150
4236 1374
3278 1342
2322 484
4131 8096
3997 2177
7772 3409
1169 1852
8474 5475
1697 2989
3460 1170
91 2971
3017 7172
9491 7900
2971 1606
8136 7579
4756 8724
8953 4386
67 1275
4871 4198
9372 8868
2728 3496
8629 3897
5348 7103
5725 7045
93 5537
8215 6536
8509 7585
3709 8000
1837 3032
9606 9973
612 714
8698 9565
5101 5117
7193 6324
5667 6565
1544 4747
6413 173
8645 1762
3629 722
8807 74
6259 3375
6610 1120
7312 6671
9121 9149
6056 5079
5474 6668
5794 524
2585 7247
5641 9778
3571 7661
2695 1467
2408 9109
1640 7405
871 5269
8127 6030
5343 739
5757 8306
1859 3069
1329 7332
8570 7385
2412 397
4053 8206
921 2991
1805 2915
2769 1728
576 5465
3195 2984
926 1187
390 1797
2809 4869
4179 4504
1960 9937
2810 172
9358 492
7504 4281
7877 9916
4678 8283
8122 5599
1274 6279
8514 4043
8007 5442
5860 7554
8427 6786
8742 5169
4935 1551
6390 9115
6055 4703
5404 5218
4875 4762
5710 2379
5395 9939
2296 73
8222 6770
5673 9496
3050 539
9892 7409
5982 2104
4964 761
5243 3706
2282 178
1609 8672
5645 4016
9727 1049
9234 4602
2164 1296
6982 7559
1236 9278
7633 5810
6048 9658
5307 5450
6549 1551
2860 8883
7 4176
9644 5250
7882 1926
5429 9491
6951 1074
9859 6678
8476 9094
7633 6992
6742 4615
4551 4330
3893 8536
141 6293
4546 1800
8096 1096
3351 7308
9979 3358
1484 5976
4961 5718
4254 390
5209 7557
7816 1420
588 2644
514 8221
9636 3609
2836 540
7939 3081
5428 8080
5726 9975
9880 174
7423 9583
7482 3754
9294 8966
6082 4255
4684 337
997 6245
4246 5165
7666 4834
7810 4532
3055 3798
4493 2243
4338 2433
1676 6119
6865 3755
6094 6746
3929 9869
2681 1412
9975 1975
6730 6058
6230 7767
2747 3579
364 6993
8745 4382
1828 6555
5267 1235
353 9760
9831 1044
8545 7859
7163 5411
1614 9609
8509 5544
5830 1190
3308 5805
3166 6390
8215 5748
509 962
9328 7226
4308 8073
1608 2488
980 3227
75 1333
9340 9906
2377 7885
4118 5892
3296 5732
5501 8157
7628 1331
9348 7288
3489 2514
3679 1704
4614 540
9019 3942
7766 3327
8367 5727
5815 9347
8954 5890
681 8294
2149 9410
2532 6267
5303 2180
8351 7156
338 5980
4840 9686
3268 8329
8552 3299
6385 3166
192 5404
3461 4310
5083 1828
37 7250
1176 5344
9493 8209
9990 1642
3971 2522
4261 5626
1055 2612
2783 1393
8592 7623
7431 8213
2304 5983
7864 5041
5501 8056
6798 8962
2367 1881
7143 8756
5484 4671
4100 4977
2880 443
6619 6851
2965 880
2478 4020
9844 1613
1765 4789
5588 9196
3002 7892
5179 7218
9285 7033
5275 6083
2347 3994
4317 9490
2750 9801
4161 6851
4778 3393
7294 1397
245 6611
8629 9075
6984 4825
688 8749
9614 6276
4298 2616
520 5829
9835 6157
2862 1462
2241 5210
5456 6558
1052 4558
2711 1566
7761 7489
4959 1407
5238 1556
8019 219
631 1355
5044 7671
6456 4659
299 754
3627 7171
6584 9814
3329 9446
1276 1922
1008 3084
8480 8413
7643 7543
9979 5404
5032 4938
6812 270
6495 1183
489 3478
2538 1885
1150 8994
6544 7801
6101 6524
4973 2685
6338 8302
8483 3967
224 5844
7051 5056
4257 1046
2599 4236
6451 3983
5526 9615
4253 2021
798 1094
1852 9688
9331 9354
5034 5876
7155 1135
2400 8480
172 5090
6782 8656
9057 3358
4500 6109
4766 5109
7155 3717
9345 9958
7700 4871
9573 8305
3245 6723
5751 1449
6411 5083
803 1446
7311 7958
2581 6063
6439 9106
1153 9573
7762 211
9284 8614
2672 402
3723 9827
4120 9420
6138 8172
643 2063
2830 240
8787 8581
1689 5198
16 2492
2996 3679
6803 1930
9742 3242
1036 896
9167 8798
1107 4803
3764 3779
5206 3839
9958 5678
9611 2448
202 254
4512 3032
495 3299
7966 2184
8497 4334
1029 7846
8014 7832
9776 7756
7426 812
8652 2945
5962 6111
7749 6078
6242 9307
9917 2553
4985 5880
5001 5187
6134 9513
4572 2981
9164 2538
1518 4014
6872 2547
1860 1238
379 1636
8995 4157
2448 3999
7102 4762
111 4851
840 2705
4158 7109
5258 5495
2989 6612
7035 9123
2477 1607
8457 1642
497 9975
2008 3721
8874 3868
4960 9253
1856 3955
9762 656
4306 6864
5418 4417
1716 6258
3475 2226
3367 5085
7722 2708
1697 1109
1831 527
2716 6640
2169 9565
6615 529
3286 5489
4397 4598
1094 2605
8553 856
3261 9212
4073 5031
9981 5789
7641 3456
4367 7360
8542 8441
68 6591
9550 8251
7118 2266
4892 5639
1831 1507
6168 1470
3349 6917
6068 795
9522 974
8004 9135
186 2077
4166 167
4218 1807
9976 8585
9167 8518
3379 5587
1461 2929
3839 8580
1548 8731
4219 9731
6590 388
1201 9939
7305 3622
7087 3180
4596 5091
2315 1134
3520 6482
7653 7738
4641 7629
2675 161
2499 6054
5748 3961
5336 9587
8893 6884
8318 3112
2967 1261
9852 4169
1200 3510
4143 4639
6690 5091
9730 5357
6225 9602
1839 230
7340 2833
7860 6368
2994 6711
8774 8742
7024 462
4682 5917
7346 9352
5382 6666
613 5234
7187 8166
5096 1330
2805 8138
6421 8888
3496 2646
8490 1687
9228 2183
4520 7088
4903 7514
152 3677
2609 7176
492 3643
9446 4190
2995 4828
856 9961
6414 8043
4479 7863
9373 7284
6001 5794
6172 9497
4792 1015
1185 4021
3198 5705
7461 4453
9572 7613
4482 8533
1142 4974
8528 6940
9165 7875
8120 21
7836 886
8065 2315
8749 3790
5952 4751
9585 8476
4248 729
9491 1785
1102 9041
3843 4916
3494 9767
8881 7977
8300 23
2951 6828
3315 8468
1055 1435
8490 8892
2322 2907
7559 1071
6697 3511
5822 2634
8340 6423
9716 4183
4560 818
3225 8403
5734 3071
8170 4616
7400 2822
991 6704
6002 4307
5172 7058
2094 14
2302 4416
2921 9861
1840 5971
9725 4014
4957 8065
437 4673
2248 4998
1844 1825
9753 7578
1249 7924
8546 8649
7098 5890
1705 3101
6549 6878
159 8643
3244 2461
9412 2518
8674 1252
8489 8399
5266 3446
2816 5704
8120 1417
7054 6316
3242 3159
3894 4491
1083 8793
9493 4534
1035 1198
7635 7584
4428 4146
6227 7673
2959 5639
191 1633
3243 5032
6385 8510
8478 9201
566 2950
618 7620
9266 213
779 9513
1056 8215
4658 549
2749 5693
8100 6736
3277 2528
882 5856
6553 3841
7848 6744
1826 1091
1776 8211
5953 6607
3765 6519
5909 4383
4139 1528
948 1271
1041 2005
5838 2051
8906 8587
7744 3358
1675 7373
5887 2557
9581 2440
2750 3781
5537 928
4873 3665
9140 826
272 2905
3698 2534
3640 7837
4062 941
5460 5103
9298 1298
3506 8204
6237 1250
7915 7912
4975 3802
6821 4556
2594 5923
8338 4483
6852 9563
8149 2344
6741 4773
1601 439
7307 5241
4629 1369
2534 6441
2824 1832
7740 6330
6389 329
3932 4304
4594 8907
4458 1415
9816 7052
3691 4506
7888 543
4069 6037
2887 7162
810 4488
3954 8118
6081 8583
9487 8616
5024 8664
6800 9116
4994 3189
5798 8927
7493 392
4186 8303
8159 4002
5356 1850
8508 9596
8745 8929
5633 7984
6092 6443
2472 6398
913 4906
1333 6753
9874 6357
5417 6674
1826 411
6216 7624
5690 61
8016 9877
8365 2527
231 73
4378 8740
9669 9475
4021 1654
7460 6465
8097 6284
2863 5363
1190 4196
2116 7416
6906 7533
443 8732
4296 6659
2708 6339
3072 7076
6216 7789
9603 2799
7862 333
1539 3883
9809 1913
5537 3621
8378 9987
9905 1242
5350 7448
1790 3818
4864 8696
7703 5307
3780 8351
8318 6488
4690 1391
9916 7258
9180 9520
58 3395
6205 7949
3630 2366
9862 9168
5987 8241
5507 5893
5835 7209
3341 3977
1027 8205
2674 5082
9865 2806
3433 8183
5647 8124
5926 5563
1734 1459
1435 1792
1206 3993
9742 4836
6359 5956
356 2347
549 5863
8240 6384
9424 7933
362 451
2490 9388
1885 2355
2194 5319
6891 7841
9795 9169
9757 1529
6980 7544
9674 8186
1537 5768
9375 7897
1724 6083
244 2274
8299 4836
5010 7723
9121 5372
8175 1611
1112 6412
319 3307
1731 3562
7500 7878
2731 3609
5760 6064
1154 5434
4250 2691
1202 9977
6940 2926
6061 3536
1552 712
4724 6563
8435 3845
1935 2962
1809 9400
9375 2128
2707 1106
5690 6559
5337 4773
6521 1097
837 7675
6531 1440
6718 4085
1417 3659
3363 3830
7195 4916
4542 8272
1479 9330
2117 9766
2292 3926
9166 1667
2406 8225
9126 8096
4785 4463
2870 7658
1912 59
5333 4795
1499 8403
8880 9269
8414 2243
9451 5610
7159 346
234 8638
9676 2351
4757 8320
2630 3923
9988 5036
2149 5466
3133 3286
6281 2355
944 8193
2414 2629
2988 266
1032 8220
9535 9447
463 5338
1409 3975
5684 1643
2613 1712
3994 3722
33 2976
7646 6373
8013 9795
1839 1146
9433 4472
9853 377
2665 8619
9358 2005
8885 390
225 4772
6189 7040
111 7598
1015 5795
5593 9981
3860 5940
3703 3893
8916 7701
266 6929
3848 8457
8075 3281
2929 4280
10 1946
2900 9368
303 1785
9759 6880
6558 2300
3920 6669
9899 1288
8816 5492
1269 2676
1432 1324
2921 349
9026 9539
3630 2874
4348 1706
6156 7277
2338 2518
5575 5238
1887 5878
7024 7998
9110 9934
298 9383
2955 6549
671 1771
2042 1940
800 9826
9616 73
6527 8642
5965 158
7869 313
8216 4025
3943 554
2895 9518
2145 4782
1749 9169
2780 859
5455 9431
242 8410
5980 7265
6533 4374
5557 3685
553 5174
3759 7080
168 9724
3590 8037
6389 8158
8414 332
8713 1310
9851 7210
6092 7952
2731 5225
5163 8186
1008 1758
6596 6988
9023 9481
7715 4581
3167 8268
6107 3278
1700 6275
9354 1643
4313 5743
9801 2727
6076 4866
389 2279
2076 2834
231 4807
8059 1746
2993 5419
3504 5941
8759 2528
5423 6474
3461 4942
1094 9568
8220 9147
2195 3926
790 2860
6021 6943
5588 2097
1810 2329
728 3886
5163 7311
8694 9574
9058 8039
4993 8914
333 105
1442 5756
6579 1255
7050 4026
7175 1622
9525 9371
5548 315
2231 1569
7258 4171
19 5420
6501 7099
9307 8016
4411 4353
7591 9821
8744 8936
8735 9077
9041 6530
4833 1973
7785 8235
5999 1313
9857 5524
684 1757
2191 9267
9679 5801
9791 6050
1222 2644
3149 6881
660 7560
7586 4603
3733 6330
3540 2469
5408 2581
8999 6593
4554 3136
4829 6905
4449 1038
8781 1485
2796 7324
7105 8827
9478 6896
4877 7052
5892 8026
3933 6552
1939 1519
1156 5672
7849 1048
8141 3257
3629 3492
6203 4536
2981 1032
7793 3782
2070 2927
5268 1218
251 8725
6397 6081
1973 1274
3133 7865
5653 7066
769 7592
4937 1925
9616 9139
9325 4110
2396 2955
7602 4951
3843 583
5983 7988
4366 4406
915 5986
1976 7519
1063 8374
3600 3036
9648 6734
7253 5301
3800 8022
9245 5090
6300 8862
4229 5625
2972 2977
4932 6926
7929 8775
7510 3912
6764 8228
4670 4031
566 6647
1550 1629
5021 5151
1017 1021
1885 8270
6323 2037
6292 1920
7127 8944
782 7708
4570 106
686 9502
7033 8615
4630 4543
8879 7746
9123 3550
1777 9689
6549 3328
7670 1570
4831 8687
8943 6716
3309 5266
5105 9601
3539 8585
8546 4321
6293 9468
4428 6979
5322 1461
1946 9952
2356 7178
4050 7831
7080 5828
3872 3629
5508 1542
1551 339
6581 494
3407 9890
2113 8512
5843 5652
7097 741
6325 9743
6561 7105
3074 1884
4918 1373
1836 7274
8551 5887
1457 5631
8067 5329
5612 3575
3223 3515
266 6156
4009 3673
6046 2474
2185 8242
8126 5635
5335 804
5378 1897
7909 4804
3781 2828
6177 1969
6454 4728
4208 4264
6711 2275
9593 2323
2202 9169
5838 2468
5325 6200
2493 7724
8674 4679
5966 3153
6666 7653
309 8396
9550 8218
3200 9683
7398 9378
1653 205
4106 5861
4469 7170
4489 414
9493 3043
9583 1684
5512 4909
4236 8005
8985 2910
9036 4951
2415 2054
8956 2724
450 8507
7295 3
4542 1045
9381 6195
7602 9839
8409 8423
7009 2898
8838 2855
5941 8421
891 7805
9682 5127
2163 8667
4389 7551
9970 6805
9606 8927
5881 6408
3786 9528
6411 8328
6926 2144
876 4528
1984 9285
2952 5345
8535 8142
8200 828
6563 9091
4986 2598
570 7149
7617 4960
1052 3940
8117 7010
2867 3998
9771 3005
9879 6182
7685 6805
8327 4913
7685 6663
4198 637
2008 9085
8779 6561
6266 1695
5652 1252
645 6223
4753 8262
7535 5805
2202 5652
9168 1421
6002 8939
778 5881
1473 4816
9038 6152
9729 6724
2815 280
7361 1176
9365 2493
7737 5631
540 9741
6883 1185
2316 7988
5799 9851
146 4354
5503 9314
5775 7858
8253 2906
3739 6078
7722 9130
2231 3803
5854 5046
4083 9567
2574 9801
8412 311
5432 8952
53 8668
6489 2369
6656 2289
8573 6802
6643 4076
2468 8770
1934 7073
1676 2026
3152 5750
1156 5383
9554 3362
6781 9989
2929 9356
9790 7694
9667 5223
6646 6072
243 3136
4794 3251
5425 3367
6406 8420
3795 8874
7190 2082
5948 5219
460 9100
7321 7968
835 3227
1330 7616
3217 611
6972 3007
8305 2992
4582 1304
5416 4825
4440 210
4429 6217
9929 835
4637 3725
9709 8179
5807 2009
3398 2619
7461 720
587 8296
299 8269
2265 3516
8880 9237
6524 3538
8581 7458
4842 3998
8636 5634
560 3065
1851 490
3900 2840
4215 9961
1019 6374
8323 770
8993 5784
7842 9580
433 8141
7849 2698
1658 3081
8287 4534
6619 6869
1992 7813
7219 628
3447 7779
3693 5298
8269 3945
8138 2484
3907 5510
5210 8582
6280 4203
4366 4122
135 1151
2263 4336
3849 273
3770 8489
4807 6741
5358 3152
4555 8929
132 8002
6708 3826
9653 4978
4123 4143
3814 4382
9653 9025
2964 2285
9580 3683
6407 6068
4834 5023
6756 5036
5296 526
9877 6456
7268 5235
5960 8175
516 6092
6177 7224
6270 2182
2202 394
6326 6017
1128 2331
1394 4093
4617 974
7776 7376
3394 8962
2399 151
350 4048
677 227
6856 4297
1814 2816
2472 2330
5260 5002
5907 1531
7184 8109
8277 9862
478 9405
2194 8224
9850 3163
5551 7626
539 8945
2941 9291
9096 9643
3339 9774
6223 6547
4071 8037
9363 2896
6720 975
7898 2627
2506 1434
7088 7135
1297 3919
6541 9843
2143 6391
3006 7694
370 9897
6640 9663
9188 5736
5658 2527
1862 1881
9074 2286
6271 4789
5182 2991
5765 9432
1970 4623
866 9058
1759 2163
2977 4652
8358 1473
7395 7716
9167 4117
7614 2159
132 6802
7896 5791
5682 6110
4024 4756
8396 295
5898 9930
9638 1663
9362 1608
2638 6581
7019 749
5096 6348
1753 3455
7821 9149
1171 6989
9618 8785
9148 9751
1940 3396
1894 7622
5859 5918
2378 607
2566 4628
538 2204
2643 6252
3813 5282
2833 832
6031 4282
7180 7785
7737 5002
3286 5260
8343 9256
398 3843
5359 2338
3592 7253
9960 9451
9524 8690
58 2090
3319 6948
4294 5962
3201 4459
7596 2386
5291 3628
6668 8824
7765 757
178 7403
6018 4873
6659 6416
8716 2019
8754 2308
9272 5066
8111 5148
3756 8170
7238 3427
5118 7885
5742 4671
2344 3338
3410 3988
3318 78
9164 7435
7188 9342
4838 3206
567 1498
5974 9283
3517 1080
7944 9141
6146 2407
642 6254
577 7880
9682 2048
2117 5424
6719 4462
8762 6481
8450 8433
6560 7614
5868 3748
3308 707
3306 3875
2205 9280
9510 2074
360 3806
7567 2858
6214 8209
9112 3143
2442 8794
5191 4559
4218 8263
5373 9333
4744 175
7766 7656
4141 3634
7756 7449
693 1062
7676 9250
6694 3539
1324 3406
7345 5244
6264 9911
3453 5377
3055 2247
523 8246
6807 4742
2861 8532
427 7606
8708 4545
5262 2849
4531 3019
6651 5225
433 679
4475 3480
4218 2152
6886 7916
3748 3151
7827 3553
4880 7234
5801 5403
1833 8960
6497 4694
7492 3276
2300 6200
7821 3915
5402 2353
3286 2053
3930 3719
2732 4757
7199 3303
3261 438
1219 7009
9941 5398
6915 4821
2633 2716
6576 818
1676 9426
5512 5520
2702 4165
8073 524
4432 3475
9229 7718
5528 9511
7789 4612
4268 1341
7915 7530
1779 5486
891 8072
885 7806
9245 9870
6874 5821
688 4902
5247 6200
423 7950
6717 8496
4826 1149
1971 4055
8867 3851
3566 3009
4815 4186
4350 9083
8068 2481
4569 5312
553 1806
9470 9798
1676 6345
5619 2364
1247 7219
4917 1670
1521 7986
6518 6347
9136 4841
6754 4355
8692 6672
3716 9860
858 8066
8943 5279
547 3512
591 7452
5319 61
7250 3347
6406 9222
2064 4006
6441 3333
2028 7962
1319 8547
661 6807
3388 7415
7515 8433
4087 1231
4645 1297
9298 3588
6576 6197
3452 7167
3650 5123
3581 7252
8471 9987
6474 6887
345 2915
220 2374
7229 7891
7273 7890
4699 661
1657 2214
5446 5744
9797 6443
3394 5447
31 9970
1645 9836
3490 1647
4959 7071
8899 9782
3410 1726
6669 3756
993 6889
2482 8223
4781 9755
2465 5832
6768 4123
4398 2215
6219 4195
8658 9613
9643 5042
5936 7640
4878 9426
5639 6189
2849 4538
5972 6259
6264 2641
6367 7258
9531 8849
1833 664
8604 650
6496 5373
4773 894
3940 7345
5089 8950
6958 1084
344 2894
5076 5222
8672 715
1412 1521
5254 7384
4133 7870
6377 500
1480 5908
5702 9665
2924 4306
316 9420
6031 5089
314 9971
8786 1756
5274 5745
9192 5618
4991 4269
7193 16
4984 8605
7889 6590
2341 2022
4461 8718
8875 2293
979 4577
1959 3903
5235 2275
9676 1267
3716 9990
7590 2503
8098 2864
4600 3643
4835 5943
7912 2028
5959 9248
6985 3849
5839 5678
2223 6652
4396 1098
8945 1727
5675 7256
5631 911
9531 5307
8530 9600
1649 2472
2103 6100
5337 3055
9743 6524
8998 4007
8552 1310
3255 1889
5159 9094
7567 3734
5746 1963
4833 1044
43 6860
8300 5674
4123 4184
7333 2653
136 5334
5126 8591
7786 6815
1646 7529
3339 6996
1536 8243
8306 1144
132 9817
238 4051
3552 2337
6014 8385
9733 2409
5245 8033
4435 9369
8569 1768
8374 8705
3455 3500
7296 1241
6667 5294
5123 6358
2291 3011
953 597
4155 7437
6767 746
1488 319
3083 3855
5056 9168
6264 6653
7201 700
6022 2123
8820 749
7180 2275
601 4477
9869 7269
6123 4992
9979 8414
8003 933
5364 2159
8370 2131
9257 9859
2450 8692
3714 7506
7860 9978
4159 1413
7030 6534
3536 5851
7283 717
4478 4236
1546 4347
1505 7669
9339 1485
6084 3695
8770 7800
2206 7140
9931 1463
6999 8733
155 7065
6239 8015
7044 6750
9428 426
9636 9317
6277 3271
34 756
7508 7932
1455 5365
5601 795
3202 8037
842 1972
5837 3048
9113 2120
863 2464
853 1018
9530 3444
5385 2926
6547 1165
3352 6183
482 5982
5807 6868
6738 3315
4800 4545
5032 6754
5340 8235
1143 2534
6559 6981
5582 5672
5453 6445
4489 6307
3815 371
9751 5552
3297 6298
6718 3001
8834 3552
8983 4641
421 2073
4308 1573
6619 9340
8327 8311
3927 9471
7198 487
2804 2780
2511 8257
5578 7000
916 5745
3723 668
1298 7020
3318 4368
6374 2152
7920 1709
3145 8341
135 7453
6267 3106
3146 946
7769 3425
417 4967
264 9573
4100 2776
4183 9678
6128 5099
1775 9852
2119 3073
3224 5438
7441 5950
3942 1714
7660 7088
6407 7795
893 2674
901 391
3621 5022
3817 390
9990 4081
9964 4090
3209 499
120 9338
1950 1895
5542 4070
1321 8766
5860 5114
4717 9802
6828 8729
3242 3236
2876 4136
5910 3777
879 5883
5151 4696
6274 5141
5130 2590
9231 8339
3089 5703
4029 1391
7599 9571
1813 5272
4690 7673
386 5759
3828 7215
4488 7070
6803 7364
7558 2713
7493 8438
4949 2644
9486 1223
7786 4616
3813 3369
2956 3254
5425 6985
4645 3024
2909 6459
8296 7599
484 5034
3358 4312
2249 7846
7735 9052
5210 5293
8118 9055
83 3067
1699 9570
642 5837
4186 807
5559 3494
4061 984
6832 5058
360 9741
7869 5008
7340 4706
42 698
9018 8644
4896 3105
4048 6458
4751 8518
5513 4834
7937 3564
756 8579
9402 1295
9386 1313
1141 9799
8649 7973
1210 9009
7714 9079
4017 1406
3785 411
8456 9156
9055 3352
8613 3104
6162 3364
1622 1675
4551 5912
1592 5307
4491 7346
6602 230
8659 7744
29 7308
2069 7591
2669 6136
3023 3038
7542 3160
3449 5999
2316 2505
5703 930
1961 1866
646 9935
9893 5197
5847 7837
505 6691
5183 3459
6921 3842
7555 3302
7502 9625
894 171
5761 269
3209 9655
3429 3011
2006 2098
5516 4062
3028 3829
5928 26
116 2173
5224 5964
11 2081
9007 1546
5540 5928
5389 9448
5582 9243
9073 2828
5767 1186
3097 5328
841 2879
8339 9200
4977 207
3262 4357
4036 5542
4383 4153
7715 9607
6469 4078
1688 5476
5625 3581
7756 7366
3029 9690
2961 8454
2519 8728
9640 1968
4057 6833
4847 2396
6033 9824
8956 5647
4181 2992
1189 4917
3497 8905
4524 6318
9335 2565
8146 1312
6146 5902
8678 5527
1945 7992
3981 816
6720 9973
2784 7129
3158 3984
9526 5544
160 8482
1191 694
7826 2381
5611 7676
7638 6487
3994 3325
5404 2141
4638 7902
4395 9668
3429 6340
7660 3762
7156 733
87 6293
7862 9598
6629 3740
1494 6789
8574 2685
3835 6401
1418 9446
429 5408
2286 775
5086 7690
9268 6076
5593 3664
5744 9022
6356 9757
9137 9865
6842 5576
6158 4704
5174 9139
8445 6668
5928 7019
5706 6116
9772 3476
1914 6553
8885 4200
7329 323
1891 6597
6399 3836
6613 8495
9210 2970
8252 8347
9187 5094
3924 5345
6151 9098
836 948
2119 3116
7967 7825
9232 4092
1301 1147
645 6538
5347 4326
6861 3590
924 3260
7426 7537
1756 6637
6859 6360
1336 6046
7807 5260
7743 310
711 8579
1258 9182
1696 5577
7007 7280
6021 4660
8427 6667
7551 127
993 764
69 8269
377 7496
2159 2133
485 9018
4845 1821
5065 9004
3434 9160
9314 497
7740 572
9679 5788
2502 3038
3068 8523
7698 7848
1542 1601
7975 8888
2366 8044
7157 2743
1892 9316
1228 2377
4687 2425
551 6104
1430 337
5264 7096
834 3004
4021 513
5144 6523
3551 8213
5046 7601
6061 2941
5555 388
1829 4273
8432 8986
7016 6677
4655 4596
9054 5694
3373 5957
1798 1155
6294 7062
8252 7128
6419 8625
3993 1563
5148 3896
6128 6546
7850 8541
9487 3405
8929 7668
4030 3714
3007 7398
391 4014
1994 5797
9708 1719
1755 1506
2875 4401
8568 1127
7882 1339
9752 1875
2903 1252
2124 5383
4150 9974
3925 9990
9731 9206
7658 3761
2920 665
1159 9663
4679 9505
5461 739
1224 3568
2245 4099
7969 7166
1578 2203
8505 7682
4079 7760
5286 6203
3144 9437
2529 7069
5779 8612
6275 3437
2373 5548
455 9884
5211 1486
9389 7024
2226 6965
592 823
7417 4914
7989 8995
7117 6495
3030 7548
607 8316
103 3751
4105 8984
820 9884
7596 3448
9674 6321
8996 6481
6205 559
4319 1946
7584 2897
8912 4528
3721 2681
9442 1710
1676 2912
4557 4706
6812 5165
9375 3268
5268 3480
2252 2441
9717 9849
5889 9391
6170 1237
2224 8728
1796 6543
674 9380
9441 5938
3909 3162
8619 9703
1224 6648
8967 2134
7706 2132
3651 7081
5400 8919
6914 7652
1360 6631
3853 3601
2374 24
4838 4598
5104 2987
7493 2130
8719 6934
8069 8980
6448 3040
8684 4025
9688 4003
2511 3747
6135 6162
828 1535
1433 4094
5540 9146
7077 9393
2747 5803
5769 3938
401 873
6925 7895
9356 5644
1181 7425
4625 7630
465 9661
8007 6506
16 518
253 2504
6680 7433
391 4465
7880 5931
3611 4957
1677 6359
761 3798
297 7514
1024 3574
1761 380
5570 2943
7805 6547
6925 4622
2560 4932
7480 2577
1802 4085
5081 4834
7871 1824
9299 5751
7756 2911
7060 5785
5622 7821
9583 5919
1688 607
5845 3449
987 1415
2744 5144
7963 9669
6119 6875
953 3599
9452 9107
4037 885
3941 1908
9062 3241
7659 6818
2504 4719
8955 8126
8893 4890
397 581
5498 6242
382 2837
4009 3127
4334 8324
9148 453
5200 6454
404 1004
5561 4441
1890 9503
2701 952
9096 6712
4122 1600
1432 9429
9726 6677
4319 6475
3610 6169
2717 3992
9007 6726
7119 3341
1403 2620
146 6603
9074 6902
7607 987
7696 5849
490 397
3153 5938
7110 3627
3890 4894
9408 3616
7923 3728
6443 1533
9897 9160
5525 5256
2239 8997
4949 3642
7969 5095
6597 7043
8350 556
8030 6046
6406 4873
6443 5911
7163 9905
5891 1054
1151 5299
1022 9074
9027 7466
607 5277
6626 2485
533 5217
7834 1835
5211 5803
6930 8160
2846 1632
8717 7228
7678 1475
8453 474
7386 5617
6731 3277
6671 7883
4929 7693
6957 3956
1511 7565
5585 4490
6402 6119
9707 4236
7954 1271
39 1236
9431 9237
9221 4500
2817 6899
5975 1271
3725 3362
3240 457
2991 6263
8340 7920
308 1649
8229 1820
5566 3814
6310 1968
6285 2369
6204 591
3640 2595
8180 9424
1832 7401
3924 4650
4300 9900
2273 4378
9614 5513
4835 8957
1776 9527
3230 2084
1176 1459
3904 3095
1625 6566
5063 4263
8936 7620
4854 8928
215 3034
4704 8400
435 8629
9402 1088
4881 1675
5466 847
3540 6653
9804 5316
2532 9386
3752 60
845 4009
3155 8823
575 4571
3086 5863
2191 4292
4792 8758
7327 9496
3510 4114
4477 2912
1554 9358
4587 7020
6557 4479
25 6362
6147 2557
5748 9900
2618 2946
3909 5773
8121 836
344 7559
6700 8887
1851 7844
7646 5530
3692 1156
9645 8170
421 7551
3880 1360
4572 438
5840 949
3152 1987
3507 5252
1887 6125
4550 2148
8250 2671
9337 4947
6582 6037
3834 8434
233 7832
316 3925
5341 6313
8447 5762
3865 8680
3474 8437
5470 9314
9386 4974
1302 9245
226 9541
1722 1129
8042 9973
3800 7379
1272 6735
9768 5106
5169 6353
9291 5485
6630 984
1799 5078
3098 5664
110 6572
453 5580
5887 6191
554 3541
1789 7132
9434 3511
8261 3828
9836 8414
7559 1108
5149 3679
2567 318
32 8210
2155 6663
9194 306
8093 2292
2322 8203
5216 9127
3783 7455
1671 689
7348 3460
7821 3135
6971 6083
6963 3160
849 4523
4268 5998
8202 3187
2668 4587
1397 4823
1250 6943
1482 9343
5587 156
3898 804
9284 7681
8259 955
4722 1960
767 2543
5095 4090
4978 2058
7250 5827
2933 7871
1825 7488
1058 4493
2075 8808
5669 9677
5751 3503
5372 1339
3659 9270
8495 2943
3303 3106
250 8025
5066 1017
568 161
5108 1899
8572 2358
7726 7857
229 5904
1697 7640
6749 124
6448 2418
9801 8551
2273 1525
6242 5933
795 4737
5228 4098
4196 5479
8475 9262
2848 9044
5776 7956
7295 700
6667 5021
4909 3248
7277 6607
888 4027
6731 3688
2797 2885
8592 5071
4410 4834
1004 1558
5924 6232
2008 120
8063 484
5734 912
5880 7862
8868 3175
8562 1887
4548 3472
5136 1826
6431 2376
2205 3162
2417 5002
2399 1009
73 6810
5843 7429
4720 8119
14 6728
8239 8077
3564 326
8989 9444
8188 4210
8971 3103
6097 9872
6575 1233
1698 9358
9962 255
2520 2379
5257 4920
3388 1683
8082 5583
9112 2802
55 9126
5882 4646
3556 9447
4972 2545
5243 9513
6755 4215
2616 9205
4087 5543
6790 2137
4901 6752
8744 3773
9131 4001
5045 8871
2036 3127
807 7501
2281 7214
6627 8164
1860 6535
7611 6833
9081 9206
6346 2188
9773 5314
1393 212
857 8184
8701 5758
1288 7445
9531 6772
1447 4577
5643 9835
4056 2802
7336 6338
16 316
854 1877
6851 4817
5062 2284
4023 7760
4473 3797
3074 2218
4009 3931
6754 2711
6041 8043
156 1924
4815 7955
6501 6810
7791 6910
5965 5127
3248 5981
5443 4102
4210 8647
8919 5624
931 2942
9736 1756
3091 9162
3975 7101
9445 7081
6164 5486
5124 6320
7411 6291
628 264
9454 4771
7174 5419
9898 6774
7752 1694
876 8315
341 6147
3939 7624
5442 28
9381 8533
9190 3356
1986 8636
437 8150
474 1914
823 4237
4557 7803
4502 4011
2574 8028
9430 2472
4803 7183
518 2031
5498 7211
8179 5789
4836 9973
2169 4217
8506 1360
3925 6845
6348 714
1347 6822
8980 2170
1060 3538
9973 1914
7549 8899
9942 6980
1372 1097
515 8242
3129 2365
5454 7660
4506 6642
7633 6676
7211 2491
4388 1136
9336 736
8202 7036
3910 7183
5558 4970
721 1884
6884 4622
783 3179
7954 8507
4276 4821
6750 7405
7186 8556
1417 8045
5198 9050
1073 2409
7894 5461
9897 3582
2549 8099
618 6459
1634 6177
7782 8707
8061 4666
3330 8844
4197 1284
7352 8474
6106 4102
2231 9644
9010 3649
7689 4208
9051 5114
2969 6945
575 2866
528 3124
7317 1146
5936 8952
7323 3718
7659 1736
4736 989
581 8934
8626 4285
3760 1084
8387 2343
728 3749
5992 4770
7957 1396
9884 7278
8341 6812
144 5221
6288 7461
6368 2224
2765 43
2294 425
1780 7031
7766 8713
2317 6392
2998 6077
7476 7737
8420 4557
1486 765
9327 5795
2161 9211
3073 6854
2375 9569
2076 8664
3382 8444
888 6148
4839 3183
6573 2971
6566 4339
1684 5235
7084 4682
1312 4560
8771 6084
9117 257
3201 4796
2404 1714
4008 5477
8569 2735
1398 645
1399 4781
5441 8640
929 280
1823 3854
9604 4741
4545 1288
9976 1629
2323 7640
6190 1094
76 1659
7704 9630
6456 108
1344 6816
1938 9913
9551 3336
558 951
4469 2351
9591 5398
2632 7766
5604 2236
8859 150
9876 8835
1779 8551
2827 4321
5998 9255
5981 3702
8885 8789
162 230
5605 2100
143 1508
1789 7054
2459 6258
9405 8402
8009 8389
2520 3613
6977 1379
115 3206
6566 1895
1757 9393
2568 7755
8649 4901
7809 7534
3690 7972
7764 5647
6424 4260
7156 4565
7666 5967
7176 3423
4370 5185
8165 6890
5150 1494
4622 5266
1052 1188
3513 2810
582 6081
6917 5583
7335 1079
9469 1025
5403 3586
6673 1827
7846 181
2745 1864
6148 9921
5287 518
1458 9804
3761 2960
1299 8383
4578 2351
9571 4443
1513 6505
525 4783
2088 4212
5862 7910
5237 1265
1496 8262
9444 9342
8443 8541
7558 4592
4814 9197
1462 6272
9002 1575
5585 6653
9958 163
5356 5882
4607 3222
8739 1484
8005 7180
5696 219
5090 7285
7836 6586
5548 3632
2280 3991
2174 9838
4935 6988
9035 6398
9613 8037
7973 5198
1042 4284
1713 6399
6518 6320
9621 1609
4156 7626
8789 9852
4197 231
7138 2033
6817 9038
2017 9097
3029 4191
5287 7965
7532 4323
715 3497
8712 5040
5047 9755
5676 6760
2506 2194
9433 2127
3804 9941
6105 8945
6146 302
9177 3284
8687 5994
8674 704
1444 1703
1248 3083
6020 5132
3758 3087
8629 2471
8128 28
8578 3804
3140 1084
2351 2573
9563 6155
8867 2020
1452 5013
2322 629
4649 7361
2976 3323
4417 772
5026 5665
3855 7399
797 7614
486 5778
6437 8614
5806 5015
8771 8947
2451 1122
7872 8366
3629 6739
386 5081
8104 9060
5711 2753
6421 5039
6076 7190
5811 7455
2856 6018
4854 5
3632 1692
2136 6421
6659 7942
7788 5430
3241 239
6552 7466
4957 181
4205 5343
1614 2310
755 3677
5063 3528
8716 7492
719 879
4947 9927
6898 6153
6284 6882
7845 8420
3304 4504
6363 1092
6286 5956
7684 2838
3422 8993
9371 3980
689 986
6290 1444
4663 7705
4973 9732
1549 5692
611 6496
1971 3861
9001 8255
7096 6847
6676 6752
7703 9391
7844 342
5347 1880
9532 8770
7226 8904
9102 7915
6242 5392
9359 7257
9449 4332
6989 7351
6376 3953
3847 8347
7814 9201
2955 1262
6048 9631
8014 103
9022 2211
6797 721
4091 6330
5843 1317
1586 4945
5584 7828
6689 4944
1437 2491
5628 8427
9842 8357
8732 41
6704 2898
9242 6011
4161 1642
5642 2175
8098 1016
4386 4895
8090 4830
1225 3933
2499 2811
5231 8084
6991 1920
9380 4781
4411 5008
9560 605
3365 8292
647 6422
1190 9889
2433 1703
1532 4428
231 9630
1796 4617
4525 9886
5799 2103
172 4651
1266 5403
9087 4610
3675 8467
9391 4439
9827 8951
5044 3193
3595 5691
5967 1137
1933 4752
2841 3465
5532 3072
9447 7329
4041 3972
3567 6193
2427 3739
844 3694
5494 6283
8304 9170
4750 4047
3609 4577
9350 8653
4122 2945
697 6441
4082 2630
1194 3275
2447 6726
2699 1894
407 3093
5866 3975
9286 4646
7714 6482
8340 9561
9117 2996
8731 3867
7043 8692
4796 6393
7345 5271
5690 4394
1712 9772
3376 9258
9400 5823
2337 2099
7717 2744
5192 9936
3071 830
4582 7138
3664 9274
6699 2781
2270 5430
3000 5665
4122 4149
8410 7819
9420 4100
8566 7484
224 1942
3095 5976
7766 5432
8076 1835
4528 9620
1771 7600
6803 2705
4738 6819
1979 7789
5953 601
3219 8953
6266 3693
9454 1028
7864 8874
1480 6430
2711 8057
4725 5806
4033 8843
7590 2109
678 2118
8082 8802
6070 1237
1507 7160
8056 9839
4949 4009
440 4520
9315 3059
8213 8769
4087 2430
7644 1920
5212 6707
9977 9937
2513 4010
5132 103
2472 2163
8573 554
965 4644
1791 8824
1804 9847
5015 3106
209 5456
7626 9524
4867 2192
8293 5306
4622 2289
7226 6186
8996 7203
6124 7861
1214 7608
4316 3686
9771 2890
592 7088
3886 2383
5913 2042
8582 928
5148 8791
2736 9127
4667 3955
1319 2961
9262 2293
5250 6488
8479 599
44 955
8460 1258
8564 2777
1296 8335
2019 1888
1776 5905
623 7689
4299 5557
4969 5800
701 4058
4927 5368
8013 6246
4681 3627
8539 9932
116 3370
6883 160
4326 5343
7770 9242
4472 9066
3929 2843
7306 5705
5100 4281
3394 9400
9838 4716
5200 539
5126 6479
2260 9491
2725 6941
3119 7616
3225 9587
7338 108
6099 1664
1804 221
906 2628
5639 4836
5472 2945
541 572
7226 288
9972 3416
1356 1524
3956 6482
8003 6216
5973 7080
3157 9092
1048 6383
5031 8387
2843 1130
51 4647
1351 7310
7276 6990
8498 2748
6287 9039
3320 9865
5679 9645
3282 7035
7521 7238
3517 5525
9806 5843
8957 9315
1287 6
2050 6319
4745 4894
3801 4796
5893 1505
8458 3169
4847 6956
2269 1135
2348 1942
7352 8027
7939 634
5063 5460
4224 4932
7337 382
775 2647
9698 2063
2653 1748
4734 7398
2994 4887
8546 8888
6392 3357
8409 1240
313 7031
8727 9013
8973 6079
7041 6912
3066 8456
8724 7290
9740 2414
7673 516
5061 7371
8931 4066
5471 17
1464 4818
4904 6362
3706 1297
6071 8467
8889 2737
5498 3968
1750 4471
47 8791
7735 3113
3599 2812
6756 3340
5226 4429
208 287
8152 5491
4353 9975
5508 2169
4793 6764
4883 4851
4413 955
3319 3302
3692 8817
7270 5442
9641 3670
586 3728
3135 537
6540 9891
3877 1766
672 437
8405 8824
5928 2758
5152 7788
1279 9945
4553 6163
1149 8966
3470 4468
8621 7162
9637 2243
8956 5630
5913 9542
9359 9049
6432 2251
5292 309
370 5965
7099 5127
1141 9379
4238 6293
7168 5517
2591 8073
8032 3740
3391 1502
4560 2012
8664 549
4256 3973
2532 6521
9867 8243
1922 6299
494 7215
2961 7216
3180 60
2344 4321
9439 6582
6967 2959
2099 9558
1032 132
9650 4424
7986 562
2788 3003
1111 3396
6976 3643
9918 6843
1886 1840
9495 8733
5407 2456
5949 8587
8868 8293
9261 4659
4875 2580
7619 3327
8490 5003
9811 8140
5779 7797
8702 8568
800 6165
1964 7776
6161 1882
972 4399
75 467
3132 5482
9275 5434
422 8143
3727 6035
2802 4955
8615 6773
8282 7105
1777 8093
1597 3908
2242 299
2476 3043
2816 793
819 8977
9027 8143
3377 9102
8610 2861
937 7885
8295 1359
2380 8375
3746 1535
3330 8713
8308 7964
5818 6437
2409 7415
346 4651
4066 9174
4046 3234
9967 1218
2212 8995
9361 1941
4449 4324
4802 5386
8561 9450
3097 942
7825 3195
8829 7507
1908 3489
1823 7726
9927 4232
1493 6625
5235 1911
2151 5634
5146 2119
6852 3710
7466 6213
5651 1915
537 6805
3654 9099
6255 3103
6393 4080
6299 5222
7939 8207
8711 9762
2286 4990
346 131
7967 1934
2043 119
7568 3541
2238 4420
7251 6056
6985 9254
7971 7523
6059 7977
2974 8667
1081 5719
2747 7380
7293 687
1939 6004
6801 4225
7347 7148
709 5314
9082 2752
1785 3002
2645 375
7422 6248
6431 759
5502 755
4634 7913
8732 7608
6580 6165
9679 5680
9897 6972
2719 1837
9329 9520
2414 6676
3020 3123
8342 2102
2227 128
1456 4872
6855 8878
7472 3287
5990 2974
4042 624
888 9126
8233 3820
1644 4264
9500 1541
1237 2219
9730 6918
8092 2145
3594 1112
1620 8288
9567 3848
4768 1023
5072 1624
6254 2545
1263 2244
1871 5305
2868 9111
783 7453
2932 2427
1718 8784
321 9307
7356 51
6225 5448
8548 6171
6560 6521
811 2479
6721 5580
3503 1793
3556 6109
690 4819
8353 8914
6476 7573
8025 7259
5027 7309
6039 3097
6094 6360
2404 3450
2763 4981
5250 7664
7504 8162
4185 8315
642 906
3895 4145
9051 3803
6606 6094
8622 4959
5008 5098
2532 9385
8710 3911
6695 4749
7008 9141
7461 5764
8943 6576
7097 4193
4240 4601
8707 4777
2917 9349
5683 3164
9846 1087
6968 6452
7181 5590
1411 8541
7041 296
7926 5751
4207 973
6852 7568
6466 4313
9684 5409
7241 6782
5954 1482
7735 4662
2611 7004
363 4647
169 210
5734 3489
6662 9267
5431 4426
4160 8824
4722 2086
4575 5281
9412 1427
9201 2230
2092 8886
3992 9334
2020 6298
7168 6107
960 9779
3112 7676
4426 9633
7886 6512
3122 900
5779 4905
5326 9939
3730 6400
8378 4657
1682 4142
6085 7235
6372 8177
2473 364
3863 4493
6663 7383
6953 3975
7163 65
1651 7941
9698 5889
4454 9172
6790 6585
429 2116
2877 4159
8517 7607
8817 6551
8101 1254
3786 4473
5783 2612
1190 9647
3457 4205
7030 410
8180 545
475 6184
4839 6525
8425 5645
5697 5215
2230 2479
3684 1459
6638 2201
5418 1807
5104 3519
9413 5242
7993 5197
7854 5535
1196 1312
9740 4578
1722 4272
1476 8550
6808 6315
5075 5234
1960 7125
449 542
9604 4133
8354 2594
2686 3772
754 4142
7292 167
9385 1637
1716 7239
7172 9264
4903 3264
195 6626
7536 1671
5176 4345
4338 6603
5931 2650
3728 6380
3192 3332
6866 7898
5927 5904
1671 6681
47 5315
3200 5784
6952 4917
9375 476
4181 4279
3740 728
7257 7628
2399 8785
8325 6737
5388 4256
9387 9117
6989 8932
2449 207
3182 4728
6111 4853
1409 2510
6520 4610
8294 9824
5879 7670
300 6412
1949 392
7141 5558
8021 9540
4343 6346
2630 9731
6955 8369
8848 3944
3653 7650
4151 6836
2378 6614
8041 140
9125 4562
1102 3771
4386 6981
1441 1039
3393 9742
1431 534
5300 5804
6427 9643
8503 9057
5727 5458
3778 4575
5754 7432
8577 6257
620 7308
9223 8661
7448 4700
9575 8550
8472 3962
5531 6265
5001 5276
6008 2784
5811 7660
8589 8590
7304 7092
3999 9383
8902 7777
310 1008
1561 8888
7265 2181
6196 6488
7195 9996
1189 6770
8546 6013
7084 429
2278 2085
5705 8286
1222 7868
5947 9811
6458 9603
3255 457
5338 8509
4587 5648
9517 2500
4536 3134
1034 7084
5974 8229
7080 3515
1351 1978
9528 8436
2407 1807
6873 4465
6445 8095
8685 8744
4258 1496
4699 3865
8305 37
2374 2892
5686 8243
1745 222
7729 2779
3659 3704
1008 739
7219 2359
2718 6748
7147 1477
4907 4021
2294 1352
8468 980
97 2727
2476 4796
2944 7133
4834 1671
26 6872
9914 1771
7094 7644
902 753
7700 1910
7845 4919
621 6915
8019 7769
8392 2926
8142 687
4279 6610
8019 728
5689 6847
5524 8634
3980 6710
305 358
3582 6571
8481 7029
567 9383
4134 8267
7645 1979
9539 8267
8894 7558
2388 3639
485 6882
678 1116
3492 8697
1844 5534
1896 3720
4168 5876
6783 825
2587 365
7396 1068
3746 7964
6804 7881
2583 4449
6212 2122
9068 1459
9681 1456
5098 6518
4690 2128
3986 4535
7177 5830
69 9073
5902 4237
1301 2685
5062 3888
9403 8810
1309 9501
6774 8113
7382 5710
2562 9947
7832 1631
1406 3865
9439 2856
383 4130
1336 721
8665 8513
2903 5086
7586 8806
9323 8887
7843 737
9128 3598
5899 437
3100 9026
8550 6834
4736 1112
6781 2568
2743 4539
6434 8535
3747 3169
2665 5083
243 7682
3596 3146
2768 7534
8304 8443
6422 6148
5532 5550
9746 1431
2339 2846
457 889
6033 1545
2001 2814
4114 1097
3706 6900
9632 3805
6421 8649
8889 6664
6331 8837
6163 9099
6372 4467
3894 9146
615 9426
1048 6714
7209 3387
9560 4019
4276 5593
5564 2629
4760 9678
3726 4818
2930 3358
8623 5704
8359 3864
2368 4690
2702 8531
141 5426
2999 387
4572 9966
9813 5620
6680 3375
5359 2593
7394 9635
4538 2958
2264 9298
8989 2343
468 1919
2053 9092
7623 413
2956 6344
5103 2010
1227 1597
3788 4226
1984 8360
4193 8150
332 7225
1525 5691
9818 8919
1678 4357
1877 295
7 866
2638 476
9138 4691
5920 3113
5104 5228
9457 6560
7239 685
8157 1027
1263 141
5740 1808
4643 2424
9034 6168
4468 5204
5087 2498
9561 3317
2793 9569
535 5431
6397 6025
6475 2317
9139 1579
7545 8596
8139 1136
5633 2648
8516 6897
9142 608
5057 3785
3032 4091
9954 7500
9296 1393
9999 5209
1062 9144
1130 7950
4576 7527
3975 7403
6196 3114
8982 94
8063 3474
1230 48
2474 9746
6945 1616
6706 2003
1754 9739
2446 8060
3591 8094
5805 9942
3304 6868
9087 786
4818 15
4666 8793
7418 862
8260 6400
956 6323
6226 8539
6371 8701
4637 9669
6669 1344
8024 8423
1083 6822
2835 4674
4917 8641
4617 4573
1861 56
5359 6679
71 25
1824 7489
7240 6436
241 8196
9111 6468
3087 1835
1521 7725
1504 4542
9069 5880
9318 152
2702 2153
1178 3971
7146 2147
4896 9007
2203 6608
5686 8626
2985 3863
6115 225
299 6357
4774 9411
9177 7861
1246 7050
5586 9102
7944 4655
4982 7262
1159 4036
5768 8690
4360 2914
7189 9256
1922 5745
2216 3960
4371 5202
7823 487
5427 4475
3196 6553
3886 8725
4415 1484
2127 1
586 71
1009 1920
3686 8520
2308 9454
7210 3020
2368 752
8629 642
6497 845
4603 868
6047 8778
7707 7827
3253 903
4380 3491
5980 5147
4975 4459
1501 1913
4531 2510
185 4569
7382 8846
4023 945
1866 2743
1697 495
3386 8194
1341 4341
9062 3740
3119 6770
7919 2725
4025 2300
6216 6358
7447 7544
817 5300
5809 1700
4162 2347
2621 1545
1193 6644
2490 3059
5740 539
3555 5478
8733 1248
9819 4147
1340 9290
7269 9260
2015 7647
7912 4584
357 1711
8480 1174
7012 4289
9227 1174
6636 1848
9071 4181
4845 1561
7241 585
8452 7148
6063 7185
4748 2234
7685 6088
1524 1306
1700 3540
8953 9612
4476 9310
7676 2956
6837 4688
7245 2416
2214 234
616 1286
4415 5461
9199 8008
2398 7652
5156 4813
1189 6256
3399 8874
2345 4924
181 397
4816 5486
10 9292
1149 7686
2248 7986
8726 5845
6754 940
2431 7370
8578 3199
9184 7778
1207 7934
5430 2716
9100 6619
8972 2499
1846 7669
3775 8379
8067 8591
217 4429
7883 1366
8467 6483
5704 3545
2329 2458
837 1112
6181 9416
4311 1717
7194 1871
9651 8976
4587 5103
1947 9911
7603 145
3933 7730
8524 8352
6322 8742
2781 557
6460 7600
7041 2165
1145 5722
975 8334
6834 7156
7750 1146
5225 1296
9369 4877
272 3956
6332 2220
219 287
2365 4152
8018 7242
2504 4340
2336 1637
1249 8796
5589 8290
961 3086
364 1937
1421 7199
5445 9171
4697 671
468 4066
1900 7092
4374 4584
9312 945
4872 8030
5098 2890
1624 3954
3582 3960
1944 4831
2756 3885
9474 70
6972 9838
8359 4745
3389 3804
268 4438
827 7088
4856 9079
4181 9230
3664 9845
6528 8536
4227 1626
7778 5851
1932 1360
9811 228
2543 2568
466 2017
2638 3790
8208 7349
8535 1597
1153 8803
2388 8333
2244 7244
3764 6425
2827 7428
2622 9355
2316 6850
7333 6446
9053 5617
7806 8865
5846 6702
7785 6312
5071 6775
102 3279
4124 4989
1229 1629
144 3617
6314 2388
861 79
5165 3688
7507 4140
9395 6176
7342 6728
2622 6395
2346 6781
1612 4544
9835 9397
7208 4906
6172 3662
8186 6648
8651 5767
8278 8795
9384 4592
7536 6597
1023 9053
6638 4883
3193 6033
1059 535
9114 33
6931 1460
3166 8543
6004 3001
4293 3212
7908 6817
6874 2446
3466 5525
4565 8096
672 301
9040 4560
3250 64
3614 9888
4947 3159
2274 2358
3695 1388
2391 6978
9200 1910
1873 5204
4911 2518
4768 9171
9336 1642
7969 9154
3519 8886
3602 543
9187 2642
5104 2438
9058 5070
8678 357
8229 7304
2715 8276
5044 1459
1606 4244
3369 9832
9448 4632
2350 4216
156 8038
2210 4477
7192 5729
3364 7146
2625 8903
6141 7729
1341 5199
9151 6372
5557 3732
3676 4624
8361 8721
6083 9967
9317 5804
6151 8766
6789 8502
9334 6945
2892 7897
1422 6437
3626 1138
3583 2603
42 9724
6684 7735
4924 5835
4107 6833
5920 4136
1457 4281
2857 3893
600 8526
9697 6752
7292 6486
1606 2979
9783 4498
876 7558
935 854
8696 4519
3458 8738
595 142
2826 5519
2330 6933
8704 8250
1069 162
2531 278
407 9483
8805 104
6235 2449
2943 7841
1780 2726
2340 9008
284 9627
9863 5333
498 9673
4071 1094
6167 3249
2965 8497
183 1670
3099 7604
8184 1982
4235 8591
1466 9392
5047 4053
8193 7990
1895 9974
7069 587
8982 3705
214 5197
9038 713
1222 9462
1807 7390
2711 4772
2239 2894
2794 1691
6851 978
3673 7438
5921 1491
6830 969
5545 1375
5311 7440
7701 8732
4379 3036
2438 945
8233 1476
1658 5808
938 9817
9550 2
942 1789
9248 3736
3480 6099
1067 3506
9889 6988
4997 6719
4309 542
4447 5973
4334 2148
4705 5065
5184 7143
6011 9770
4972 4021
5578 2262
3839 5128
2264 1133
3269 1513
1221 3102
3964 2288
6608 3854
5629 7957
6925 6290
4852 1372
2263 5538
3521 6969
604 5057
464 6615
4827 5436
636 405
7699 827
1885 9963
8312 5155
7828 9534
8257 1793
8174 1217
5647 3803
5526 8924
94 378
297 8709
5917 170
5678 2873
5227 6143
9488 6407
1579 6476
6812 5630
3656 5050
5594 1968
205 3422
1502 4814
1567 9677
6031 7214
9832 7909
6139 6278
8288 2788
1340 557
9310 7018
3430 4537
9513 9270
7296 7445
2098 461
3075 5754
5511 5021
4075 5716
4796 5577
6882 6363
1606 9265
9930 7791
7174 2421
421 1814
5209 1761
2371 871
5132 2153
1760 4645
1423 9057
2090 9874
9518 1518
5628 5029
6539 6055
7097 7687
1633 3979
4051 9591
9596 333
3734 6770
2754 4156
8585 4315
2269 7308
5186 7401
9462 6946
2047 7237
6003 489
7111 5521
8359 9092
6902 1251
5147 3999
8938 3132
4330 2989
9076 3926
3322 2810
697 2428
3318 5634
6743 5588
2942 8281
2989 2404
5228 1388
9642 7583
8230 3105
3105 6589
2197 6359
7840 7345
359 3131
6829 4689
6120 5905
4968 5795
8716 5665
4575 8386
7651 1319
3974 593
9600 3316
2998 1180
4704 8992
8764 9286
2097 8221
2228 647
4580 68
7992 1291
3199 1173
2333 5672
7079 7301
7819 2147
9318 8746
533 6969
65 4508
7562 6018
4176 6912
3550 5232
2256 8666
4519 4354
6887 6747
5001 7820
3167 9345
9111 2719
6870 7796
4743 3949
5097 8914
6096 4415
7660 2982
1384 4078
3842 5299
6448 8018
8563 9998
3250 820
8665 4121
1526 1904
868 2879
9724 388
8576 5188
9459 5446
2984 4202
9396 4434
3116 1844
8849 7128
1178 6586
1206 5020
8237 7654
9390 6800
4005 2641
3972 2670
6762 5498
4574 3983
4729 651
723 3305
2191 182
8752 5175
736 4500
5961 204
2696 4811
7332 227
7749 4891
5247 5986
2545 4638
9138 6550
3631 3111
5572 6745
4961 6499
7080 9691
7150 4155
2996 9341
4337 8100
868 5073
8952 6830
1629 8001
7993 8962
8228 2094
3853 9827
8080 2750
4465 3570
5653 4448
3033 1225
7546 7995
4076 4626
7686 1226
8782 7034
6919 9471
1487 7788
897 439
970 2526
8440 8963
7840 3020
1057 8045
2848 5489
796 3665
5411 2801
8114 8445
378 2012
6440 4455
6638 478
2033 1772
7512 8953
1244 8999
3093 8493
5791 4063
1019 583
9378 5212
3604 6787
3257 2804
8628 405
6469 4039
3206 935
8836 9937
2947 5276
4392 5938
2106 6425
7710 9619
1730 5306
4970 4823
3799 7113
5238 1171
7697 968
6383 7653
4107 5992
6809 2735
6398 3278
3127 5956
566 1963
2245 3513
7240 6637
5803 9346
9415 9866
5317 1145
5172 6640
2321 5324
3753 3911
6495 7802
4880 9230
1807 5339
5222 8616
8075 7972
8247 1202
281 8813
3165 8878
8678 6757
5516 834
2456 1283
700 4125
8780 5872
765 1101
1196 871
1365 4043
5025 2597
9625 6833
7936 1200
1801 6011
9172 6400
3565 5805
5213 3083
4684 244
9840 6552
1078 8648
7835 1778
2774 2967
4002 9891
4069 1551
7114 1786
1946 2140
4383 1572
5325 2319
2772 7126
4683 8296
3527 8248
4102 5092
7683 5138
1688 7524
8042 9118
2524 2229
7248 5298
5196 1251
1542 5617
9154 8656
7403 1100
796 1786
2672 6121
458 1796
9600 1493
93 9479
6093 547
923 3777
2037 2612
7653 79
8082 177
2308 5331
1828 7504
2934 3370
3122 8440
8378 6877
9540 9175
5016 8565
1648 1826
361 7600
3319 6806
3431 9412
7353 4355
9541 9390
3319 7194
5821 1401
7372 8129
3084 5552
1986 6018
5274 1460
810 3652
8337 351
2827 3353
8916 828
1531 5629
8428 4850
2436 1860
615 6141
2567 156
1884 5886
7351 7705
3639 1075
5835 6724
2979 4173
9094 8253
5633 9905
1905 322
6608 1085
28 1876
1913 1559
7505 6693
6410 6293
4905 7025
2435 7472
3533 4319
9710 7236
8376 3350
4663 563
6426 7642
4736 1872
5895 6721
8129 7801
7044 4737
8886 7072
6613 7151
8631 471
3844 1393
3116 5102
4770 5551
8926 8304
6222 8637
1892 4599
8339 6556
1514 4765
4198 6251
2989 94
2972 1119
4247 16
5856 9485
3440 8822
6636 8424
9293 6832
9817 2409
1934 940
4313 861
5596 6887
5850 7488
7838 4189
4044 9353
5306 4595
1956 8295
4689 4928
9414 5288
1297 1623
4773 4737
445 7761
9513 6090
4593 5683
4851 2880
6623 9164
93 2219
2404 5943
6059 6594
6484 6456
5947 8142
1051 7903
6437 2092
9184 2204
7380 481
179 2153
1570 6976
6266 1084
3066 859
6767 7917
91 9742
3434 184
8313 2190
2479 4372
8784 5315
7180 4732
3457 8231
8987 6247
323 4523
4803 7703
5004 4982
6208 2927
1958 2474
363 1376
9686 3482
5645 6129
3224 9079
6314 1537
1269 5145
2261 54
461 9442
1138 270
4025 6477
6517 4349
1001 1320
2052 2357
2654 4613
1636 964
3439 1999
2340 3125
5481 7986
5607 8705
3417 8273
6594 4687
3418 5208
1093 231
1002 8583
502 5027
5060 7019
9376 2413
4692 7781
1123 7346
2394 2759
8311 2185
4759 651
1663 240
4989 7270
5298 8407
5543 1892
9446 8961
3452 539
5545 4454
5474 6047
9482 534
9418 5210
9300 4110
2991 423
1457 1737
3182 9768
3923 4293
6771 5586
4534 1761
9208 6184
6520 4751
4428 5966
64 7881
2857 5609
2335 8331
8008 8169
8865 7427
3380 4517
1537 6371
4940 9346
4461 4475
5466 8384
8768 8590
322 9654
6703 9530
2190 3223
633 6619
9189 697
4500 2046
2659 3187
377 667
1357 5594
8094 4737
6464 5984
1108 7756
5330 5569
8583 7149
305 3704
5739 6979
3358 2442
2861 5549
5665 3494
2168 1206
544 3020
9604 3203
6207 6333
222 7564
8279 8317
2301 4743
653 9762
8852 2335
1683 7435
9484 8341
1139 5223
5320 4498
4017 4534
6399 6034
4380 4919
7240 4924
4291 3196
4479 498
9529 4702
8063 4161
9371 6716
5256 24
2830 4108
8711 4514
1544 8196
9207 2683
9771 879
3533 3789
5413 6284
6175 9794
1203 3416
1070 5494
2964 5550
2345 8846
252 6760
3007 5975
3476 8263
2351 2659
2372 1062
3525 268
5610 2732
2951 1734
3611 2837
1875 9025
9121 8050
5171 6677
7818 6241
8523 783
1791 868
9629 8395
7628 8988
722 7457
7251 3073
6468 5975
488 9993
2595 6098
2725 5547
4184 6336
4736 6059
1713 3857
4110 6884
534 1928
9478 5410
9063 1269
6278 5044
6017 259
4032 6739
4068 7636
6165 536
9963 6653
529 2559
9103 3254
8106 3288
5942 2842
9347 4008
3051 9809
7244 9938
1738 6722
5348 7153
4344 1626
2198 6713
8237 6230
3452 2305
3866 5969
2841 182
2622 9722
2741 8078
9328 7199
1366 1623
41 7065
5631 9444
6875 9227
9382 4965
2302 4730
2118 6646
2709 668
3359 946
6899 3163
9604 7117
5485 8797
7299 8107
8520 40
6185 7848
7239 3903
9471 3632
969 1454
9429 4196
7034 8811
9161 9336
9894 7631
2334 8955
8300 2045
9901 1551
1560 5857
5020 7045
4655 2320
5153 3175
8712 7690
7375 2304
7946 3199
2288 5267
1005 1717
9463 8039
6881 4976
7375 3127
2607 9709
2082 7259
8106 1983
8810 9667
4193 3831
6712 8848
2503 8217
8375 7567
2260 5750
6223 206
8949 8512
1825 6307
6581 1288
4346 9814
2616 8074
2941 5223
4135 5023
8835 2242
7007 3997
1909 7552
4180 8621
6400 6683
3191 4775
603 5451
525 6826
2009 5827
1690 3834
2134 8272
5122 2832
8086 7738
906 1028
9313 5042
2403 4500
7284 9410
8498 5545
6962 2678
518 9714
5714 3709
4489 6317
9160 1367
9495 7521
3546 1186
1355 2032
5810 2829
4864 248
567 2123
1276 6233
7165 3680
733 801
9442 5583
2698 2757
8262 3216
8823 3976
6926 9665
6645 2438
1032 6140
9960 930
7326 1315
9314 3136
4145 530
3385 1064
2653 1013
3649 6170
1045 735
3323 6840
6318 6021
5949 932
9238 4772
4908 2516
789 1553
1306 1821
4046 1266
9103 1372
8934 8417
861 9431
8948 598
6847 7953
7963 6849
4124 5361
3936 7447
2201 254
3469 4502
1187 9059
5626 2447
1575 6416
353 2881
4589 4399
500 45
2123 5786
4814 9336
1569 3762
9934 8416
8068 4250
1617 8544
9611 5553
5991 8164
2160 5812
2666 9699
4871 4644
2146 2798
7412 8851
2032 2002
9602 2532
8399 8078
4670 3213
7414 6239
3328 3701
1007 1396
7951 2625
9940 3914
8178 2283
2078 6690
8096 1096
6389 9319
5740 4888
8470 3153
3739 502
1507 9694
9386 9906
7772 4056
9471 1538
295 2799
5239 1302
4195 9542
279 487
3456 8458
2771 5534
1500 7219
2982 7890
2890 5075
2778 7712
4580 2869
8214 6087
2563 7600
2345 6687
8008 8168
8226 8303
968 9817
5958 1515
5712 6237
2003 9168
1047 1126
1055 2548
4697 4037
438 3939
9112 9568
1652 3692
2437 6218
6131 1353
171 4828
8040 8179
2997 2618
6483 317
8788 8793
1832 4500
5030 187
3668 6078
7665 1075
8626 8714
1465 9064
9006 6929
8632 658
6974 7421
3228 9457
8774 3399
638 3167
7931 3635
5785 766
304 925
9559 8488
5425 4589
8676 5446
667 2693
6521 9293
1408 4338
4709 414
1268 9693
7424 4594
3467 7004
4051 2241
404 4689
1760 4687
4676 3898
5453 1332
4823 5012
9821 249
9601 8497
2047 269
7542 8568
5914 8950
9259 6976
5716 6879
3021 9492
1473 6488
6497 1876
8730 3253
6566 6842
7940 7594
740 3393
8927 5564
8405 8748
2165 4358
3597 4212
4627 1139
9132 6894
6442 8391
3870 2158
5270 6891
8003 3095
9732 4500
4972 8462
4105 7890
5304 2045
5484 2397
1790 763
7961 6547
5863 126
905 9460
4338 1885
600 9822
5131 3394
8214 5353
5552 9836
8596 9907
2932 8328
4407 4256
3142 4864
2146 4799
3261 3982
7196 5051
4746 5157
1598 609
1635 8856
6422 2325
7093 3374
2147 2224
6768 6713
7577 8672
6550 6173
8580 5834
4502 9339
90 7644
4204 2236
2443 3817
6218 5991
8869 7316
7500 6819
4278 9135
2027 7052
7812 9120
426 9960
1344 3546
6673 8921
8570 9575
1447 3502
5409 5949
2842 5499
9945 3398
4087 8741
7215 6658
4732 2436
3974 2233
9256 4604
7720 1283
1656 5533
6756 8434
1845 8100
1980 8518
3374 6903
4446 4821
405 6207
7122 3247
1707 7067
2997 2146
2160 6565
8804 6893
9001 9131
5478 4609
3735 3198
2245 1744
5083 9001
178 6928
3453 8511
1799 6827
5414 6245
1648 5819
2452 8770
5419 511
2190 4768
2658 4350
1333 7814
7595 6687
6945 9425
7648 7033
8976 9893
5129 4059
5246 1659
988 5052
170 2787
1879 1936
5384 9880
7756 7836
5002 9527
4700 7192
4295 7358
7895 1981
1524 1842
8668 4822
1268 6316
1855 244
2562 3336
655 4160
4995 1643
9212 5166
782 7444
3454 6166
7324 7562
355 8678
7089 5055
2223 7737
2413 118
9718 289
8312 4738
5111 9580
7406 3318
6176 6320
6654 6832
481 1650
4827 6045
3168 5610
9841 6622
1776 3517
4185 2131
2196 7626
7186 4419
5363 5951
889 1433
2593 9201
6171 7704
5134 3578
1023 1310
9898 4029
4494 6731
2031 9322
9129 1551
4932 8970
8174 3060
2488 8711
5192 4684
2689 8730
5455 8053
1034 6344
9486 3627
1897 5658
7683 7031
5588 5058
4694 1838
9088 9188
8570 1119
8510 4051
9023 3442
3021 7197
6503 1861
2260 8047
6545 4949
3129 8352
9354 515
4696 8841
494 2946
851 8178
9977 2791
3236 4671
4629 8676
3860 9551
9796 8722
3602 8819
8517 2976
2368 1372
4837 980
9419 7735
2281 8900
6087 1636
5768 7136
477 6262
82 7680
4440 59
471 4029
1083 5100
2705 1295
4652 8853
17 4606
4024 8534
7582 6392
9906 2420
3724 5677
155 6006
930 6242
7642 6698
3378 4471
9312 9812
2151 3753
9872 8974
7782 7307
4074 6839
8602 5078
5693 4971
9685 9717
9858 3619
2462 9764
6039 6186
1794 2546
8544 9076
8789 6186
5774 8519
7009 5086
8332 5512
5191 4556
4486 9325
1863 4913
6165 6817
9991 1858
8140 6028
7927 7998
6000 389
4115 2039
6576 5909
4586 5120
4985 9727
7659 7111
4598 1020
8549 9282
6533 93
3838 1019
9418 2053
5932 1935
5222 2276
3793 3363
4656 1721
7713 656
8462 1828
9048 1390
4089 9986
2863 5426
6065 522
2537 663
1542 7439
9946 8075
7532 136
5447 6950
8542 7731
8886 116
7 9031
9831 1016
7104 7545
8024 5567
9373 7072
6957 3463
7058 9820
8889 9475
6694 7779
139 4589
1570 6437
9016 9102
2925 815
2404 7819
8547 7642
7936 4906
3026 7767
5922 6482
5312 3947
2049 1038
7371 5359
853 782
1531 6094
257 4578
225 6748
5519 1795
9537 4535
7249 2463
5351 9654
6634 3898
3648 4570
5156 6674
8690 1079
3157 354
1378 1558
1392 5101
3269 8597
5883 1153
4692 6141
5731 4917
9241 1250
3065 8779
2137 314
1242 3840
9968 7876
4090 3617
8799 9247
6643 7489
326 9800
4195 8056
7711 1940
3157 980
537 9041
2133 5229
1534 4216
6499 775
1818 9564
5906 3956
9878 3500
7796 9847
1377 1887
9816 6528
1134 6459
369 7812
2612 4564
2220 323
6504 5377
7655 3394
770 9789
8623 8656
357 1474
5784 2176
1038 1690
2484 917
5191 280
7116 2920
8519 3284
5800 6005
6095 6169
169 8707
7085 2389
5382 9942
4119 3038
3336 1241
9179 8311
9898 5888
9786 2034
8064 824
76 548
8093 1619
7181 1561
891 2052
4845 6691
8058 941
9212 8227
6000 2650
6969 7735
2592 1088
7125 2280
8681 6304
591 4931
8544 6729
6965 6609
3906 3394
3509 8351
5013 690
9913 5905
2743 4758
8948 7153
2051 8161
5380 8052
811 8701
5787 9755
6141 2912
2035 4823
5568 8978
9754 4112
2060 6720
7073 5966
114 583
669 1479
7625 582
7384 368
5341 2685
7521 3744
846 9254
1796 8009
4307 3935
7764 449
3199 6151
5272 8767
1481 5026
9232 3541
1746 2657
5859 8212
3240 6529
9692 866
3463 3428
7586 8804
6113 1460
2549 3311
7066 697
7672 1373
4633 5436
1822 4184
7939 7094
9304 5773
2121 8536
9314 219
7545 1526
4784 786
4407 828
8004 7870
608 1942
3027 6722
9754 1928
6385 6820
2625 4058
4546 3610
5846 6368
4147 138
9815 3451
5911 8288
8339 1577
8507 5884
3103 9643
6670 3862
471 1026
1733 1080
9321 4760
4154 9075
3040 539
5896 2017
949 6794
5628 3148
3162 9775
3286 9329
9578 5549
7617 7917
7126 2477
3801 230
2120 472
444 2592
7850 2177
24 7171
3289 4178
6247 6329
1069 8495
8347 8371
5289 327
1519 4803
6454 1157
485 6032
6706 8102
3949 3832
579 7750
414 9052
4574 859
7996 8777
3036 8020
5948 2678
2198 8547
9007 9619
3394 3706
7990 5035
4033 9509
9839 6839
7018 6676
2871 3724
4778 3172
7557 1710
7275 4323
762 8201
5182 8758
6978 4571
3130 9279
7249 5328
7826 2608
1299 7573
2667 9290
2608 6700
5151 8799
9892 2170
5475 9115
5894 254
2288 9803
8316 5915
4127 5430
4116 5661
540 7447
232 3670
6726 3833
5350 904
6442 6649
8477 9109
5939 1086
2161 7443
6237 8405
9613 1713
7521 1859
8319 6161
8015 6635
2076 8494
8417 2544
4155 8957
9991 740
2627 3069
4573 7977
3974 7367
4626 2451
2828 6918
9889 1342
4361 2479
9747 326
4192 7268
8537 8863
9781 2904
1850 8209
1398 267
754 1906
9224 7097
2646 1851
167 3571
9828 4141
7291 806
2944 119
7724 9186
7813 8437
1665 7561
5115 5857
1181 3653
1072 963
6557 2922
5524 4308
3189 6278
2566 2413
9728 1564
4264 9895
5135 444
388 8778
1250 3332
5250 5327
2518 3063
3764 535
624 8880
2744 8158
8885 3816
5473 1794
6738 997
2454 9927
3628 5020
8692 3356
6584 2956
3251 8072
3400 3639
3202 1003
3323 8452
6330 2194
1516 6446
2729 8492
1678 1826
6650 563
5642 2123
8710 8733
9473 1164
8660 3101
2537 7353
2809 5473
6661 2412
9897 6414
2403 3100
7417 5726
1552 99
4272 3068
6545 3354
1561 8224
5180 4563
5139 822
6687 201
5907 2512
7718 4568
5613 255
8273 8422
5728 1286
7186 1978
7700 9589
5078 1469
5315 6630
1568 5940
6051 8114
9294 3964
2690 4474
8527 7829
1648 5214
4383 7556
7726 2101
2124 9691
2356 6749
4465 4436
4387 1651
6414 8440
1240 7844
9909 2908
4475 1478
8848 6878
5944 8142
842 4986
2616 9369
2815 4264
936 3550
1820 5014
5651 296
4706 8007
3397 5523
8796 4137
3527 1562
2577 4767
9407 2486
4027 234
316 9227
7112 2612
3721 7954
7598 2689
3675 6766
6954 4611
316 5126
9626 5968
1775 684
327 1524
6207 9123
5661 9734
686 8238
854 93
7077 1233
6679 3745
461 3791
6358 4182
8097 3956
6872 8124
722 178
2736 1039
1656 8714
7007 9783
5750 7334
7660 1957
2810 3321
8044 3496
7912 5250
9941 1341
6483 2972
5086 3296
3115 1444
3831 7564
5401 7055
5688 2475
3585 4776
3514 5241
3490 6873
1377 9240
560 9037
7550 3370
8710 1946
3218 2974
7196 9511
667 31
2483 5754
3328 5598
3550 3511
3162 5303
566 8850
7779 4151
3627 7645
5744 3469
871 7121
9062 1431
2510 6612
4801 7573
4910 4371
547 2106
3882 1215
8489 6365
3321 8169
8315 6871
1680 1477
8527 2246
6679 6306
2749 6658
303 8494
6480 1174
1967 5542
2605 830
8506 3758
8403 3416
4481 8950
1874 8363
6517 363
1080 6190
8533 9395
9414 213
7224 7941
8812 3904
599 7913
6914 902
2759 3394
8429 1079
5288 7386
1909 3794
1145 312
3562 5626
5614 5436
342 8484
2152 1422
4674 685
7170 4088
7250 4394
2029 2414
4650 8980
328 1565
6235 3087
1311 4664
518 6600
2050 2427
394 9547
9091 309
1526 4706
5745 1868
9542 4249
9642 4216
4934 6812
4657 8537
7559 3038
951 8561
2019 7631
126 8254
7071 7790
2918 7589
4390 1320
17 1136
868 5460
1445 8746
6518 3543
614 6060
7792 6608
6629 9079
9773 1286
7616 7332
676 4919
5893 2695
2551 2372
7301 9622
162 6571
3563 904
7892 9932
2040 5112
5393 9838
3858 1911
3381 824
4324 1173
7432 7305
252 7205
8591 4220
889 5619
9140 6783
8315 1691
5507 1968
7665 2021
8540 7580
2925 6432
7513 1317
1544 9258
1155 1754
1169 4536
2578 1845
2062 10
9150 8666
3568 4093
2887 4457
9713 2027
7592 4380
70 3099
6348 4087
1472 4888
1667 749
7672 9180
2067 9216
8438 9574
970 5960
4111 9900
4157 2525
9911 3308
1191 3479
3753 4078
4288 9818
2457 1881
4198 2527
1332 6899
6614 2805
1787 4634
3554 5812
3814 1973
1380 8605
1548 8703
917 2011
8603 5074
4536 8514
4734 5727
8345 4840
6158 2634
4658 8615
867 8857
1143 2199
2108 4109
5004 247
5095 4911
6059 5262
6884 7440
3867 4784
6143 1136
6795 4746
2562 1331
9613 7297
7059 4310
2137 3217
3296 3147
8184 4163
8356 5679
6363 464
6141 7719
712 1236
8982 3123
6498 2219
563 6717
7003 3058
7853 3799
4157 416
5130 3770
4065 8541
4432 2554
8110 7729
5701 6295
8244 4058
1974 959
874 8115
5031 1586
9352 4013
4710 2202
6232 1625
8920 3236
4684 3125
7035 8841
9893 8517
8963 3958
7059 9747
2864 1521
3828 4918
7816 2073
5328 6143
3032 6202
610 8063
4141 6314
8429 5203
8517 4661
6828 3789
4249 7864
6914 7636
3057 6808
6154 2020
7118 9565
8120 6335
1086 1948
1253 5255
4021 6581
1398 3406
9135 2008
7821 3276
8323 6250
4831 3192
7264 8012
6981 7865
5876 3895
5502 5286
7055 8008
3658 4174
7573 1778
509 5011
3727 8114
266 7748
1047 8016
7506 182
6377 1680
9811 1052
4282 4642
4244 1546
9006 1225
9412 4883
5120 1266
6521 2176
9274 179
2702 6847
1958 9563
8210 5685
4029 4829
9785 5076
9197 7292
5258 5574
8972 1421
6626 3254
2416 870
1153 1422
2095 6917
2657 3568
8183 9178
2096 7457
9358 1150
656 1316
7065 5218
3353 1094
47 3138
6170 9245
430 7780
4819 5754
9202 7798
5361 7970
5020 2866
9392 3468
9783 8402
7036 7966
7580 5484
1775 3290
6634 2431
4606 3699
4001 7959
1145 4049
7450 7315
9646 4232
1447 817
9987 7001
8615 1700
4971 3636
4566 4364
7104 4349
2766 492
8667 6698
2328 6794
9989 5314
5577 947
5365 9578
5259 6510
3627 2709
3825 3273
6941 1624
4091 3280
8626 9058
4980 3597
9046 5898
4313 6150
6599 3431
2994 5266
130 5322
2060 6471
636 7637
3770 6001
7216 9029
8863 7195
1738 9040
6821 5032
665 7264
4664 9291
2674 9645
9240 1721
1895 3554
4223 8495
6985 7218
113 3467
8892 8526
6290 5881
2515 61
8234 6083
9090 7098
3279 7181
6138 6452
8565 3155
3716 3229
2446 6390
9226 1687
4463 1122
1593 8687
5969 4930
2257 6082
8398 1149
960 1040
3382 3476
1101 1617
9559 6544
5067 9190
77 7557
1994 4994
713 2062
8223 9511
4805 3802
7550 9268
4924 9143
7955 7245
4074 6564
9679 8824
7714 640
9864 7448
4116 7318
5417 27
214 484
5570 6643
4394 7564
1637 1459
9627 9860
970 4432
3662 4873
3700 4938
4016 8008
2183 4442
4572 1863
3266 8638
2503 9483
6087 2971
3153 1504
9350 3367
8341 4920
10 9087
2485 1647
546 2112
7859 7868
6544 7874
2741 6596
2812 6758
4604 1348
7552 9177
9563 819
7815 8418
6654 254
1389 9807
1759 739
9526 6452
2012 5888
5539 4497
3887 6085
6609 8098
305 9505
5972 3047
6101 5137
6157 706
6485 3709
6235 6048
880 402
4466 7534
657 2207
3693 8768
9298 9571
5220 1310
1811 7111
5807 5698
9548 8768
3797 9853
4625 6121
2900 727
1258 9057
7785 7743
9119 4020
143 9999
774 4609
7534 1431
3168 7579
199 2467
7151 1771
129 8962
5234 5937
1013 4782
1057 1162
988 5683
7283 240
2762 8542
5650 547
2637 4769
919 2781
4768 1693
3742 2302
3125 6911
6234 9676
5730 3385
7800 5859
8699 3034
8148 9712
4169 9206
874 5157
1241 4510
5397 4003
3052 1047
4550 2041
5816 1821
4822 585
3514 4917
9239 2991
8180 5473
9020 3910
5210 6820
9769 3910
9854 4270
9974 4023
9828 7201
5532 1069
1711 930
1424 1115
1977 2326
3156 4146
4147 4331
1083 4013
5600 322
3357 3780
2148 2377
7690 3710
9197 3811
7620 5403
8081 3947
9427 4261
1148 4959
1682 9211
2241 3106
326 571
5432 9834
4717 5931
517 5800
9945 6117
2474 3302
9897 4622
5679 3939
4685 1228
4103 8657
6631 8536
2604 2410
2798 3752
3722 4480
9315 5963
7587 9641
6534 9371
5828 7603
5303 6345
9755 1600
8815 2230
1254 5064
3204 3285
9004 7889
4513 3107
6547 7496
1643 9151
9907 793
9256 9981
5274 8571
2296 9213
4565 5183
4936 6745
2786 6591
9442 2542
8191 8257
1124 5797
9674 4328
9082 5030
8570 9947
4489 5117
3796 2484
620 55
3278 6228
36 4904
1152 2332
469 2069
7515 5405
8814 6654
1997 4608
9196 6540
2866 320
8690 8892
1000 4124
3922 9570
424 8411
1039 4220
7247 8012
4275 525
4240 663
5429 1744
2995 2250
3813 6863
7656 8979
3517 6005
3588 9065
8897 2806
9385 7587
1698 6737
8064 1972
6308 8488
6735 7347
2708 3982
5359 3335
4508 5952
3998 6289
7696 3345
4892 7862
208 2548
6841 77
4905 6781
9142 154
9587 8527
4094 7637
5265 2158
9609 7925
646 2696
1624 9706
6679 3336
9393 7539
5640 9743
180 9688
3088 5072
7550 9649
3972 744
9726 8877
3877 8869
9032 3465
3748 3126
7454 5365
1636 3416
9642 2282
6112 1267
8340 2791
955 4085
330 6595
3828 6863
6283 6916
1935 3834
2917 5908
930 2644
4785 4807
7865 169
4624 1613
9647 2079
3331 1283
5495 2973
9917 7959
4240 8257
751 5195
8694 7433
1790 2522
4296 4426
5791 6232
4612 8708
8492 5542
1352 9629
6701 5569
9799 1326
7183 9446
3405 514
730 5252
3487 6999
3211 4080
1609 314
5627 303
4100 3770
2826 4748
8196 8617
980 2808
7325 5824
4702 5030
5454 1403
599 5253
2729 4134
1051 2486
1000 8133
4090 840
5133 3654
4920 6742
3968 547
7045 4420
4317 9871
9169 8865
4840 6501
1673 8518
2326 6375
9900 7780
7779 6851
9385 6860
986 436
9347 8338
8570 3437
9178 3703
7091 4098
445 7412
998 3842
1832 1667
66 1001
533 4906
7503 8558
3424 6181
4934 9676
3961 9065
6528 9698
2277 3866
134 1624
2204 5056
1414 1383
5111 4857
5481 1908
8621 2831
5751 454
4499 5817
7807 5032
723 1662
3590 500
7843 4876
176 8156
293 3056
7854 2571
6922 4341
547 9127
5749 8313
510 861
3171 2343
2769 1792
5175 8520
8598 9674
689 2758
1058 7765
4420 4648
4617 8616
5877 4793
3124 2522
4202 7331
5093 1124
8024 1993
251 3773
306 7113
4634 9829
9457 3756
1622 984
8628 6572
658 9318
9330 1716
7083 103
2716 1700
5071 8593
2845 8195
1116 7047
1878 2561
4524 9902
906 1127
3676 1213
8241 4662
1042 4050
8418 9016
5034 7047
1941 5692
2717 1271
3760 9800
7726 6476
7852 2797
1422 7049
7345 8890
449 9223
7803 4973
9126 8710
6100 2802
9923 693
3816 7317
4743 2235
2686 9777
9282 4627
1821 1999
2250 5581
8151 9977
8410 2355
9126 6184
9404 2823
5074 6205
2047 2877
1178 7525
7939 3631
6679 7862
4324 495
1532 5420
2730 4218
5197 8364
5197 3371
6715 7447
5304 1218
3776 66
3573 9255
6250 9330
2078 7676
5535 477
554 6714
8002 4845
6697 4681
9060 1021
5177 592
6441 4259
1162 7991
2624 6359
1362 9339
158 3018
558 287
3085 483
9542 9335
9813 7972
7012 5349
8450 3918
8415 6452
8763 5112
1134 7823
2485 2663
4767 5279
6922 5929
9622 9546
8640 7336
5238 8799
354 2148
5438 3439
2631 4980
9127 8797
2952 2491
498 7754
2761 8913
4207 1524
377 1693
5700 9214
4356 6819
845 1278
2749 467
7177 7741
7803 2415
6540 4510
915 1978
7949 9898
3310 3428
8695 2615
5919 9193
369 8680
4458 4576
6557 1187
6269 8609
402 6977
5428 1247
8256 4529
8067 1785
2271 5870
552 5163
380 1467
7142 4682
1365 6804
4462 6413
9419 6734
1958 6141
1766 6417
7069 8323
3956 9691
3284 710
6668 8713
1958 1276
3242 6377
3061 5513
2247 3613
677 8980
5080 4171
14 2798
7327 4476
5563 6747
7562 7521
9240 9329
290 6309
7652 599
6000 937
1309 2669
6002 3267
3945 9244
5996 7007
1110 8244
6972 1787
3576 8405
2310 9942
7555 9637
770 3118
2736 8333
6991 1976
7662 3634
4638 1666
4233 638
8955 5542
9659 1309
5162 9957
554 1158
3316 8016
5754 288
6155 9330
8693 8465
9272 6248
8102 6395
9366 7191
4728 2710
5519 8742
6344 157
408 577
796 5716
6119 6807
7025 1281
6764 3931
2440 80
1947 8194
369 8102
3877 5414
2919 3149
1663 7374
5896 7381
4565 624
91 84
9366 6435
242 6127
7012 7390
8195 3132
4197 1572
4413 7314
5504 3205
7394 3803
1400 4115
1906 5277
9530 4825
4778 1193
8551 675
8574 3116
7651 5018
3201 3370
1453 9795
9497 4818
3537 4044
7950 7734
5616 8715
1400 1120
8273 8795
4924 9673
9262 3182
1302 8792
4359 6080
6337 2911
3107 1264
6027 759
6282 5580
4129 4087
1727 9978
8905 5264
374 3207
9351 5990
8275 751
3463 6548
5898 4739
2573 5161
7921 3875
305 8632
6307 6643
1543 9415
7907 3923
6526 4189
5855 655
8276 3935
6985 3534
9199 7359
6741 4902
9701 5016
2006 3164
1564 7904
7903 4137
9417 2176
4364 9723
809 672
6366 8704
6439 4273
8979 2965
4814 4835
9972 9442
8770 6957
2976 4321
668 9718
5576 369
1086 7582
9886 9003
5486 7789
9492 1256
6318 3857
979 7127
881 3697
2183 7320
4322 1163
285 9136
2350 257
4930 7472
3566 7907
8145 586
3977 3721
955 5063
1303 841
418 3142
4983 9911
4398 1301
120 5377
4780 1001
5426 3315
8321 9748
830 4958
5236 3180
5215 166
7004 5133
4425 5150
5719 8402
8871 3026
9818 6527
220 6588
9669 5203
6499 4067
2856 6619
5796 3988
7620 1222
3655 2293
7322 4486
7251 2558
7666 8818
9076 4671
3951 3502
6173 6022
8256 1396
9049 4426
7923 9269
1015 7592
824 7514
1659 32
486 3807
4020 4458
5029 7675
6752 8703
2161 4003
1261 6180
2822 338
7203 3125
192 3376
9148 8448
4772 8197
2875 2696
3818 3890
6640 4642
7756 4652
4674 8242
8459 5046
2701 9841
9073 5805
8544 7587
6160 9806
3767 5334
6496 7322
8460 6688
7050 3960
5136 8174
2157 4363
7222 2327
4605 3863
6969 2362
8515 7995
6956 3326
9393 6009
3167 8466
1814 8064
6053 4327
7870 6172
9661 718
9846 8121
7406 6896
2081 8894
5071 590
9610 2293
2917 4215
6156 6238
2929 1023
585 6238
4350 9978
2247 3869
8445 414
1933 850
4741 9803
3375 4402
6873 3221
8876 631
6470 7309
5878 1541
4252 5488
186 3521
6055 6343
6112 5337
3718 6697
1575 8068
6676 3822
1938 1473
588 3871
8675 5329
27 2050
6084 6900
1624 4960
3884 8094
8621 9762
5987 9225
1602 6173
2747 7657
8868 8859
2994 2587
1908 4569
655 8584
4744 8945
6409 5332
9169 5085
7014 9196
3487 3098
2448 5111
4410 6332
9557 9383
2446 5544
8609 4048
8070 1356
8058 6938
6567 1052
9525 8475
1974 6533
3412 3070
5478 9821
8402 999
4906 5416
195 8394
4866 8996
9857 9276
1680 9415
5012 4127
1311 3621
4527 9381
1329 2585
6320 7896
9990 2197
2723 8316
8730 6135
1386 561
5957 9788
1560 7215
1557 8108
1961 2775
7104 8171
8404 8784
3938 3416
9263 5249
7037 3791
983 8366
6376 3655
2614 6366
5852 5337
4682 935
7825 2420
1496 3782
8561 9408
7349 6470
7516 5663
9245 4620
3834 7649
9757 7772
1065 9020
9373 4454
9163 6708
9172 5540
363 1786
8258 2568
7124 9293
3503 4949
1713 1351
5083 6626
759 8784
3096 4628
799 2342
5600 4633
6343 5357
8757 7409
730 4483
8215 9893
1191 7388
1785 7907
9174 6396
6827 2650
2041 6682
3951 106
4385 5386
6733 1496
523 9829
6124 1322
2171 1725
5956 8515
3434 1065
2276 516
1900 6843
6762 3092
4231 4899
7351 9758
1295 530
8760 9688
7212 9064
9795 1597
4450 6528
9445 1325
2709 5570
2648 4881
3647 4956
9748 3433
6021 8376
302 7922
1571 7064
7366 2155
8315 1069
1913 5963
1599 7025
5651 5163
6089 5446
3112 6892
8326 2557
8217 1036
4479 7217
2269 4478
2173 8369
7912 4547
3097 4566
2469 4668
1630 6187
6823 6297
3608 5088
2260 5207
2114 7912
6722 4555
9710 6186
7799 8037
8743 2369
5425 9575
9586 7694
4053 8112
2415 8317
2659 5512
2883 5128
180 865
7667 7004
7163 1275
2092 5775
2834 558
3687 9556
5114 9750
2094 9265
7787 837
1634 9564
6764 7573
3610 7170
5685 6025
1839 8344
1537 1075
9824 1717
1940 3843
5073 5455
5118 7166
1231 7952
4076 1270
3860 9190
1020 5954
4808 5159
3143 2794
4723 6260
367 4685
3430 6052
710 5269
748 2247
6344 6924
317 4637
767 5390
6444 5885
8908 4027
189 2985
5298 401
8527 6318
2707 3335
7830 2203
6130 8905
8463 2849
3591 8245
5254 4301
9866 6002
2901 6211
2927 3218
7200 3694
4960 3644
5932 3869
7672 2473
3206 9322
2875 1733
5640 1934
1421 9822
4137 7551
8728 8952
400 2319
7197 5654
6620 7064
8009 5873
9627 7288
9091 6827
982 404
6823 3266
625 847
5740 3831
169 8615
1916 2162
549 3337
1984 1039
7240 712
9991 3993
3031 7189
5999 6004
605 4008
1877 232
1296 7321
3411 8631
4077 234
1897 4702
1082 7637
4885 1251
2604 6801
9765 9506
6491 1750
6897 3731
8814 6888
7724 1846
429 3724
4202 1034
4084 2431
7618 5381
6104 1029
364 181
1264 2261
4883 8698
6251 6120
6301 5207
2922 6067
1065 9413
7817 7962
3144 6631
4851 7221
4829 1632
945 5383
9019 1381
7815 6637
3114 3919
7667 3478
4101 5283
2092 5336
333 4695
1457 6634
9902 731
2701 968
6496 6870
8930 5992
9854 133
3213 1035
8118 510
6419 7137
1892 4234
3774 5006
4505 7793
8485 4958
9428 6929
295 6113
1624 8104
2748 7878
8835 1801
8846 5331
5024 4129
7675 4878
614 889
5913 8732
1399 8684
5869 9643
9270 5996
1002 3776
141 5839
8734 5922
2768 5381
2035 744
3485 1135
8622 8672
2937 7469
355 7961
7950 8031
9191 8564
5272 1456
3649 3023
141 5870
9019 9411
1866 21
3187 8360
5860 8274
634 8628
3655 2669
9372 3493
3805 4346
8517 3094
1815 5225
7407 6117
9608 6598
4682 4880
8054 4683
4255 8195
553 3274
3959 8772
3295 7146
7132 5507
1772 4118
4135 1780
6787 9859
5273 6944
4206 142
6390 2373
1719 3797
8491 1327
395 9525
2559 4802
560 6815
9349 1113
6441 3308
9885 9737
6807 3369
5244 8579
7487 5732
359 627
1943 1984
7571 2501
2127 314
1227 198
4111 6070
1526 859
1947 437
5661 2507
3604 1362
3620 46
4671 9858
6135 1478
3227 7731
57 715
9815 6769
1342 8111
8753 5265
612 7232
5579 8191
7431 6043
4261 8957
6902 6208
9394 8915
5067 2999
277 8688
9397 1300
8546 5532
2778 1773
3263 9188
8840 3079
5957 6534
1190 4710
8152 8154
1943 83
6346 9374
6126 6959
4683 9380
9520 429
8295 4587
9780 4925
3275 9177
6225 8173
4709 9004
6299 4325
4544 5139
3756 501
8026 1298
5211 6178
5804 3506
6261 8502
9232 8740
5462 3915
8120 4982
697 2768
9569 477
7693 9197
9655 3918
7370 716
9274 3669
1393 3818
5161 5149
671 9539
2799 5883
5717 8604
5741 8330
7106 4974
7070 2568
5241 1543
3902 5938
4311 3472
6416 8356
9021 2423
2274 2743
3139 7901
2765 4533
8071 7926
6034 8743
3817 8834
978 9534
7438 3071
4216 4544
8045 7639
3465 3287
9182 7367
9225 9845
7191 1993
8201 2564
4416 6827
5308 3908
1080 8073
8441 9152
2351 827
4247 6168
9661 1577
2054 3451
4648 6270
4348 2694
261 4165
2333 5795
7884 7910
5640 5076
9904 193
3992 672
7021 9300
4580 8101
3725 9373
3605 2428
201 7852
8596 6214
9429 7002
9666 430
9625 366
3124 9886
4531 1809
5682 2415
9719 7674
3843 5975
7868 7836
3000 4889
3488 7580
9342 3566
3306 9300
5994 3507
7152 943
6073 2934
7945 5739
3364 7570
6105 2840
3809 636
1001 9491
3052 720
7165 6895
3048 5033
1083 2400
6274 4572
9980 1969
8138 9638
1269 484
3145 4773
1427 9219
7707 5725
1310 7423
3295 3768
6615 3456
756 7616
2947 3808
4689 6465
7056 4089
7850 4491
6489 477
9063 2821
2446 3553
2460 67
4038 1957
4840 1817
7528 8900
7542 5191
6323 7190
8959 9291
646 9715
6907 9946
9876 7948
6411 3284
2037 613
7775 8526
1090 3191
7700 9888
6744 6512
9955 7134
8469 4796
8952 2350
3696 2846
7541 6371
36 2852
5662 683
2567 8922
629 8795
6870 3392
2079 5260
4005 9855
138 1448
3046 7838
7688 6142
4350 7644
9629 9172
8792 4933
1522 8840
7779 9063
1563 7816
1915 3578
4851 834
8852 5480
9630 5722
5224 1709
7334 9229
7916 7473
7029 7314
1663 4718
3457 6014
8714 3086
5186 3858
4371 3060
9050 2150
8475 613
6318 6742
543 1169
7576 9395
3001 3558
5118 8225
1620 8804
3807 9536
6277 836
6851 7941
1906 6660
307 6972
6098 1845
830 469
4905 6232
2619 3380
3198 8938
6474 3741
6459 402
3137 9461
3961 4607
7686 5581
3411 1493
1469 9689
8682 4672
3982 588
1332 4289
3913 7430
6134 1095
7899 7391
7328 6871
7123 526
2161 3597
4267 8620
3999 7404
4433 4312
2011 2120
6245 1775
9965 7715
7816 4999
8739 1798
1940 72
2439 5853
3854 4925
6948 8106
2316 628
4977 5791
1154 7138
9388 1774
2110 9739
5530 6544
4052 3894
5016 297
5669 1333
4364 3485
6333 3104
1635 4625
9528 4074
478 3382
5351 3778
1488 4019
759 2817
9810 1913
6307 9198
39 8418
8937 5570
1314 9341
9464 6330
5991 1485
4015 355
1322 6700
9811 2957
1325 5691
3383 8155
9074 8734
1934 6914
2753 2693
6084 2563
958 2391
8113 7350
7161 3402
2920 8475
2744 8736
1157 5087
221 5173
5442 1543
1873 1606
852 9551
7297 4235
7706 2723
9321 5992
5990 2074
5037 2074
989 5996
817 9102
3346 7979
8856 2618
6454 7952
7706 3964
3039 4279
9137 4834
2174 7362
6440 3026
6913 89
3613 972
2813 2934
6964 5155
1360 2002
3581 2349
4350 4398
7803 4048
2377 6659
6666 5184
964 724
9148 4003
5003 4637
8837 7177
1999 1629
203 5265
1719 3816
6237 884
3102 9553
2391 4462
1555 5972
6811 2257
6722 966
6305 9100
7625 9323
636 8589
47 6136
8945 5050
773 4134
8579 9124
5764 8782
4389 3835
8950 6978
1071 2052
6532 9814
6514 4439
5786 9677
3049 8860
643 5706
4312 4621
5030 4948
9562 1429
1084 8507
2832 8209
8994 1411
7334 4758
6546 8075
4945 5496
5054 2368
3901 7938
2182 6767
8729 4320
6445 1778
3180 3440
7485 7493
8061 8867
8793 7624
6648 6230
2483 9480
4439 1477
7244 1773
2587 3790
9849 3884
5638 1255
6252 5891
5545 4786
2659 4274
5458 5456
2405 4991
8896 6242
2484 6958
1461 7629
934 8109
3859 9769
3942 8299
1247 1186
6424 186
1328 2625
4071 3318
3880 6675
9210 9425
7814 1869
52 3272
7325 2457
8263 6221
5051 7099
9531 6512
1081 465
973 4940
235 4915
9591 7834
6101 6016
4372 3781
8641 4795
7100 8874
1471 6310
4651 5637
4531 4703
5261 8208
3512 9877
781 8563
3328 313
1427 4409
7130 2401
9350 7365
7316 8941
1551 9770
1309 5924
3551 6303
719 7003
5177 8542
3313 9828
531 4196
4532 5793
2404 4396
2022 3186
9312 5350
3499 739
6112 6981
9492 5462
4347 3161
755 2250
2931 8417
4526 2834
4720 5246
6190 9897
140 9503
6077 672
52 6961
2817 2456
1358 4839
1994 670
6541 1845
7761 2653
8827 7254
4467 9526
415 1575
1776 9698
6344 6303
8884 1064
7901 5074
7313 4393
930 3390
1417 982
352 4234
9790 8062
5425 1785
8732 8319
9982 6493
7324 8809
99 1792
8335 6866
9719 6464
2916 6063
9119 8153
3479 3372
9579 7144
7765 509
534 9183
7843 7238
3417 3986
5300 5195
2123 384
3514 2105
3230 7190
915 3329
5334 5602
6548 5053
8418 9464
7468 7537
3969 7299
909 3549
4443 8675
4058 1330
7858 8254
8568 7627
8592 221
9174 715
605 9040
9172 187
6231 6439
3517 1565
2042 6417
6619 460
2233 439
4350 6203
7739 5259
9752 8534
286 162
9864 4496
8416 4785
2124 7008
5006 7650
4075 1963
6691 3248
8503 2922
9687 8372
4487 8081
4789 7458
4894 7022
4250 9244
3225 8341
855 2977
6875 1142
3140 6740
5638 7908
7877 4114
1269 9235
1765 1696
7550 4808
1296 6053
7730 984
4425 8569
5417 9214
2380 6663
2589 6630
2259 5814
1323 3115
5144 8198
609 4636
1290 2599
8896 9167
3066 165
8402 1183
8214 5953
5991 9510
2006 73
6846 2784
4994 2264
1998 7374
5279 4587
356 7539
6754 1679
7006 1898
9878 7615
2886 7520
6566 1782
6688 9632
8300 1442
815 6514
7395 3158
6024 5754
3231 9223
8538 8226
7839 6888
1952 3118
7828 2309
657 4582
340 7663
2832 6570
1630 5718
4091 8197
7500 779
4181 5800
8573 4997
8666 5969
8155 1043
8075 7739
266 2965
5965 8105
9853 7917
7575 7681
6578 8233
8615 6919
2248 1447
3489 231
7165 3932
8428 4666
1063 8961
6818 9637
3958 1837
1958 8466
9232 6385
6205 9498
9350 8522
3955 5555
2791 1530
3237 9370
6115 8204
2641 4716
9652 2482
4947 6817
2767 9727
7835 3830
8688 1006
3467 8999
2843 1777
7465 8427
8162 22
7925 7512
4896 8232
3068 7687
6114 2657
3409 8582
861 2402
3298 6865
1237 8245
3683 4004
4324 1518
7834 9364
8876 7654
8363 8071
9431 2180
6498 7594
8554 775
1458 3450
9007 878
1138 1474
9887 899
56 749
3302 3354
7614 4539
7951 7649
8543 8627
5520 2729
7991 4396
383 2707
8820 6167
4887 5318
113 9794
6094 1571
3244 1453
8802 4382
9279 8689
1634 9335
5790 4936
9041 9757
9475 3344
7406 4370
8323 2926
7099 6315
3675 3835
5374 2495
2 261
4165 115
6407 259
8038 9652
8065 3192
386 7344
1882 2020
3032 7672
6956 2073
7429 2783
1770 1188
7153 93
466 4253
2760 4141
4440 8134
2988 4442
4748 7154
909 1155
3765 5299
807 1830
8492 1194
5527 374
9566 8559
4398 6523
632 8180
5658 2402
9368 2812
8848 9834
3417 1608
328 7857
9743 3316
8651 4491
6822 9560
1998 588
1211 2806
2418 9703
352 7945
6429 9918
6504 7180
2793 3489
5360 8452
2243 1080
7616 1091
914 1033
9052 1242
5242 8795
911 3893
9638 7733
9805 1636
8321 7368
794 7092
3424 1146
1389 6205
7417 4246
3385 210
7735 5097
5014 6330
6177 2630
7422 7092
15 2826
4686 1609
1621 5597
5502 7611
3331 1659
5599 8004
9028 6394
5096 8804
3892 6486
5009 1309
732 8395
7872 4819
9844 2886
1149 6022
1869 4923
9466 8236
7749 4152
9846 5722
6102 1700
9685 5785
3360 5285
141 8740
1679 5238
7544 1923
8076 2553
3233 5160
7300 1105
6331 7145
343 7480
9519 8564
8756 8985
6801 2857
9489 6647
8580 1943
8347 4617
4080 8059
9902 4222
3151 7933
5812 7047
9857 240
5953 9442
5400 3253
6899 8083
6750 3594
5563 6269
2159 671
1606 8960
3529 7448
5607 8461
9391 306
3078 3472
8366 9333
7694 7869
7266 9858
4917 3475
98 870
9269 1850
4123 6168
9933 7226
9763 1848
9847 1922
2520 1454
7234 2401
8902 9193
862 8293
9499 3940
8117 4217
9625 2163
2087 6892
2021 7004
6719 8471
7874 5989
321 8349
8509 254
5575 8272
8455 5423
6546 975
3229 3780
3376 2131
2973 590
6776 2473
882 4894
3042 508
3409 5129
3752 5431
2133 6823
254 6359
2812 576
1061 1322
7182 6636
5946 5637
8411 2493
2964 7992
6273 2692
123 5599
3282 3252
4424 517
4498 7466
1025 7907
2596 1129
9690 1081
7952 9945
3793 7117
6873 4854
8439 4055
7842 4385
6045 2606
3230 9009
598 5856
8054 7074
1455 1336
326 5879
8205 4824
3345 9230
2731 2293
6711 8774
3375 4664
8719 3520
1781 5592
8374 6572
5999 2568
7309 2044
5174 540
7406 5773
6396 5460
2847 4203
3148 3173
82 1354
4349 9779
6936 3432
2073 3648
2206 1800
4664 925
5320 6445
2869 46
9369 5221
2614 6678
7265 7789
3570 4671
9914 6318
6483 9113
521 9632
8638 6955
986 2987
6735 4274
6419 8808
7922 8626
6960 2586
5903 8632
5383 5125
8678 4752
346 7644
1431 3963
1785 1353
4987 1699
7672 1470
812 8193
7454 5802
5149 8440
8789 1884
9067 1561
7044 6989
6539 356
5928 8794
8988 1311
3919 4018
2416 617
8014 3847
4581 9800
1552 5920
7851 9224
7390 5016
7418 1197
818 8919
9637 9608
7155 8704
7521 551
2046 4060
907 7974
2854 6247
5637 3126
6617 8053
3743 4631
8252 4676
783 9805
596 8635
9029 4339
3651 2799
5536 821
8070 1525
429 5225
6582 4302
2128 4980
8362 3035
9306 1217
5634 4943
4343 2251
9349 4438
3235 3953
5467 4018
3758 2415
9005 9140
3106 2656
8291 4994
3478 2714
6520 259
7939 9454
4562 68
4434 9276
9455 92
493 1442
1387 1188
45 736
1979 3280
1042 7446
3651 1152
6213 2656
6644 9320
1665 4936
4314 1495
7650 834
1754 1941
6640 2668
8361 7426
1945 4169
7518 8790
5611 5258
6331 2008
5994 8310
1641 3388
2108 5292
4541 8321
4300 1185
7641 5965
6121 1956
3812 123
9142 5567
8417 2135
4587 3130
5913 2884
7299 3432
1675 9262
5042 4358
1271 1036
9020 9264
777 1128
908 5318
5801 5208
6503 9795
7526 8977
8103 1338
5452 3597
3257 3869
5732 4197
7000 1646
7081 651
1430 5108
9914 6472
9466 7537
3860 8486
6801 4637
5966 4061
6307 8120
9269 2811
7915 3147
1788 6018
838 7240
5967 4095
7462 8052
4644 814
6050 1726
1465 7480
6834 1379
304 6301
5268 516
1139 8421
1506 3458
2482 7813
1578 8104
624 9493
1251 8764
1863 2089
2357 7830
2537 9819
5882 7181
633 1932
5259 8450
5764 2094
6182 2420
4747 1450
9289 2238
6224 795
5696 8706
8608 7274
3162 5585
6767 4414
701 4982
2855 3058
2813 1744
9229 5047
5278 6214
6980 537
4665 9096
8983 7199
1517 82
5001 806
2321 1225
7953 8017
6284 2913
5292 9446
4850 8411
212 5552
3394 9420
4962 2559
1164 544
7606 2794
6758 938
9684 7775
6387 8667
1326 4256
8750 6328
1414 1071
7553 9367
5440 3837
2280 7084
9636 3483
1848 9848
9035 5242
9268 349
4153 6785
893 8111
5931 4004
9050 5615
8131 1789
4283 9458
6045 9385
5786 7459
6808 9691
6826 8600
3529 5458
5685 9517
5293 7533
9365 4328
9127 4986
1030 3280
8123 1923
1391 4054
2279 6793
6022 411
8582 6657
9869 4627
6042 2007
8438 9202
1698 5264
7802 1579
7075 3487
1096 2368
7372 6814
3049 6499
1800 4079
6131 6275
2354 7523
329 986
668 6351
1397 5603
3008 7618
230 5402
9625 8669
4604 7675
285 2407
9255 3712
2246 351
2433 9619
7165 1834
2470 5317
5913 8602
1592 4619
6125 8274
1957 3145
977 3354
8748 338
7324 5331
5740 3301
352 6697
977 6989
5456 6584
702 4054
6935 9487
3673 453
1321 2496
2122 3586
1098 3715
8205 3575
8341 163
6720 9318
9869 5469
6008 3546
7152 1749
6847 7504
4798 4176
4493 254
760 1547
660 4048
1034 686
853 2355
3182 2975
5941 4280
3042 499
7855 1383
7014 927
7054 3235
2748 3062
6781 9900
1163 9981
7404 5961
4157 8250
2567 1270
9797 3228
5318 7184
3914 6171
9539 3448
5498 1833
7728 8541
2332 1935
6276 5698
2862 3330
8933 5611
2745 2067
1863 3908
2048 9268
9870 2557
3870 8789
3827 19
8369 5497
7203 8635
8020 3095
2083 3519
4928 9811
8412 3612
1746 4688
9310 961
4371 4595
6572 7116
6662 8435
1024 5062
4055 7246
7620 4277
2388 7799
4297 7109
3297 7852
5745 7669
947 7828
1188 2227
3992 5952
5839 2090
641 1501
3051 1364
2449 5975
8480 5463
763 5856
6878 1170
9455 4498
5448 8195
8649 6097
5304 8298
3949 1049
5968 1249
5230 3508
3476 5574
9461 5668
7664 6454
7169 7068
7818 5970
9395 2650
1434 6510
4858 8312
7681 4313
9162 9481
8860 7811
5578 4165
2462 5879
1566 8430
7128 6796
1938 605
2370 7751
6273 6387
4205 9794
9807 2023
5765 9202
1025 3551
5713 5884
1863 9746
6549 7377
9227 5410
1540 1157
9575 4002
7036 1141
8784 4165
4290 723
4770 3012
8474 7395
9399 2680
7189 5558
1055 2954
1113 2081
6505 3178
7965 4720
2924 866
2097 8503
6276 3638
9660 2203
7640 6696
3345 6425
861 3987
3500 1983
6999 8326
9378 2751
7358 2920
8309 4766
2226 9422
6847 5084
2600 1164
9804 1876
2030 8254
379 8307
1892 39
6862 5884
3088 6559
8661 3949
546 8513
2285 3898
6840 8015
6649 550
935 4958
5316 3162
733 2163
8246 9685
9679 4402
1562 1710
2656 1941
6369 900
8333 3231
6785 1421
9791 1798
1722 6689
312 4007
587 3504
8375 7236
4054 9310
8547 9371
8824 5632
7886 3422
5317 7566
4177 3231
5628 6833
5173 8349
7734 3506
7932 871
1279 4075
2669 3001
765 9333
3361 7704
2837 1736
4941 6892
7398 9840
2615 2575
5472 6853
5997 7141
771 174
373 6399
3360 1898
1100 1094
1756 9033
8317 3035
9460 7338
6036 225
6672 5749
4282 9509
7485 5575
2753 4884
5415 1720
7459 7239
8574 9808
732 9345
6335 1105
2097 9695
9355 9549
7141 1111
8582 5458
4146 4395
2796 6535
972 9468
2284 5254
5330 6122
829 4435
7358 6244
6156 1169
9835 4730
977 568
427 7312
8025 2524
3359 7381
2074 500
4844 7008
2310 8991
1403 1459
1878 2376
7279 514
3982 2609
6636 4812
7045 3994
7408 3201
1515 7244
4283 2493
4164 4710
6157 2189
3587 9517
5922 5661
6369 767
9021 5032
6110 6777
6491 7988
5505 3770
4854 9487
6380 7843
4299 9777
1837 1708
9330 3353
8952 3613
2198 9468
8323 4707
1657 8262
4224 3932
3923 6946
4699 9297
1978 7161
6074 8469
1501 1579
8591 6355
1066 4971
4198 1718
1100 2388
3426 430
2093 8730
4043 4291
8198 8719
8998 6207
6981 9575
139 7257
2873 1190
6554 1203
8351 8980
9672 9852
6911 4615
2560 4329
9587 6758
6047 687
9146 9473
7470 1239
8203 1513
1882 2753
232 7233
8961 3566
3160 5452
823 2385
6643 3729
3588 4994
9061 9612
1199 5972
4227 3759
301 166
517 2701
7206 6016
2174 4676
3607 6730
6189 1842
9483 2774
5427 4796
2692 4939
249 9867
7324 6892
3596 7264
8238 9009
6876 9437
4981 7455
9548 1634
7622 6418
4335 4828
8786 2862
5856 2393
9592 8397
587 5427
1171 6014
224 215
953 473
82 4629
3717 30
1893 1955
9039 5121
7745 372
2577 7293
8359 6551
63 2694
1379 8849
1908 3587
7595 7852
1984 8182
3280 9508
549 9856
9723 7854
6681 9806
2484 398
9836 729
8705 5228
5851 6450
5600 4780
96 3959
1331 159
3006 9062
5361 1266
2649 2956
9119 4633
1138 8751
4141 8039
8607 217
5894 5288
23 4730
2038 6211
5459 743
7791 7662
7194 3392
2442 3642
3703 3773
3801 3061
2835 9162
4328 1836
2118 3447
2822 9609
2198 6963
7648 7157
3532 9894
2445 9907
4624 835
2471 84
1578 262
7746 5124
6 6541
8766 3710
314 2568
3123 9502
8082 7451
7690 6553
898 512
2514 9448
3828 6514
6605 7360
6409 5402
7268 1033
6237 9739
7469 7816
6353 1568
9292 6360
8109 8059
70 4775
6979 9545
629 5061
6997 8320
7966 4247
5184 480
3696 9012
6995 6653
6373 9756
2056 9993
789 4645
6084 4611
8813 2437
6179 8106
8797 640
6165 5219
1767 3144
4765 2397
4557 1762
7069 8876
6009 8605
9356 6057
7618 2703
9063 343
8811 7471
336 5953
2116 2772
564 7282
5209 3095
1740 4007
87 7905
5578 1854
7401 343
603 8310
8457 4024
7186 819
2630 2895
3228 248
1950 2291
591 762
9762 7279
6715 8231
51 3631
5513 1612
6726 7253
1971 3165
1510 7550
5019 5263
4245 5623
3573 2703
5999 7112
3522 8629
6359 6750
8877 8309
5394 5820
5423 5156
9451 8490
3387 5854
2121 5252
7467 5199
2505 5790
8364 4015
3340 9736
9278 7586
1711 9204
289 7710
2668 163
6340 9027
3265 1569
7336 8659
7390 9112
168 3193
7602 3555
5400 6076
8808 9219
1275 7665
5009 5992
1681 8350
5728 7311
2288 7439
2867 2577
5149 5535
9092 7841
914 8709
9411 4603
7369 3153
3715 7537
6346 7669
7444 1746
3745 2604
7317 5021
270 2327
7365 8303
677 3093
1966 9317
6884 1186
1894 8385
3073 7338
6227 3988
6047 5638
8591 9768
8791 8658
3657 1489
6327 7454
9588 73
58 6905
1446 6680
9232 8811
4983 6261
8256 3302
5578 1492
4488 3824
9877 7561
7514 2456
7901 3562
8094 2844
9682 3237
1502 9692
4727 7830
7146 4315
4255 7204
1220 5701
237 6805
864 1572
3066 5472
4874 4997
6964 5714
8821 3193
9628 6336
5650 7529
6250 3744
374 5932
6982 1876
5624 1709
6058 9122
2376 313
2679 3596
2366 2916
6753 3230
4488 9820
8702 5715
4817 2018
1429 9990
5212 7409
6326 862
4939 8928
958 1665
1213 7940
9893 3189
6001 2304
2312 4729
2617 4991
4678 1336
7907 1431
4566 8747
1251 9621
814 2420
7991 8596
2411 3203
6005 5089
417 7296
4018 1376
5313 5231
5668 5207
8420 8022
7511 7084
2751 6480
2075 7429
7816 6334
8861 8735
1434 6464
4708 2248
8885 2699
844 7648
2255 3202
2737 2672
498 3107
400 5812
4690 6069
7371 9463
4091 1234
6547 6842
7714 4975
624 1883
1309 5837
6970 9095
2301 8030
1344 7538
7081 8540
1538 9336
8094 4276
8361 8593
3735 8761
757 8426
4830 4480
4241 5273
5714 788
8468 9780
5763 9092
8015 3425
4929 1337
8872 3582
9367 6568
1121 6449
5109 2659
2137 3203
3287 498
8148 3375
9260 5257
1801 442
9737 2394
5716 1803
3182 4184
7936 5298
3276 5951
5075 4557
7289 3947
8139 6656
516 9260
9457 1977
8272 1595
1532 7911
2093 6033
1286 7705
1290 9439
8148 7380
1833 3864
5535 5016
8048 3471
6666 7676
9423 1741
2233 3064
2040 372
6072 2556
5985 5530
885 609
3477 2418
8520 1922
8451 9807
9628 6093
5598 7776
9825 7432
1640 1713
8800 6040
5184 5466
3716 959
3559 5949
375 5599
2673 6448
4508 8658
8330 5393
5619 1807
7811 4140
3729 2614
299 3357
5060 5897
7485 1237
3329 9125
2950 2129
1517 8135
3947 5233
5446 7506
7534 5822
9458 6560
2270 3966
5218 600
9359 7190
8759 3523
1330 2488
2489 7981
2198 3901
3878 9683
5139 3560
5161 8089
2041 6678
2576 5989
8264 8023
9847 2150
3845 9305
8710 2467
9623 281
9419 5335
7471 8178
8858 5153
7018 7699
3134 9216
1601 3364
5252 3092
3276 413
1181 5318
3443 3758
7659 8059
8133 7506
210 8330
3164 5272
797 2787
5553 6568
8122 9376
4746 3332
4529 8116
7384 4015
7333 5337
3732 2585
8429 7008
9350 5962
8678 9145
6072 6337
7205 4205
196 3767
2535 9712
9039 9684
2499 4593
6252 6974
321 7350
6658 4851
5467 394
5218 9152
5731 8950
8089 4160
5959 3791
6475 4637
2936 2547
7327 141
6753 7523
3908 5640
3587 9300
1677 6086
245 4281
9412 566
7984 2423
1769 3451
2817 6988
8955 4901
5938 7044
5413 8249
835 1888
9239 123
4436 6566
6617 7541
441 525
9533 4028
6177 1210
6466 6422
5492 2231
6989 9828
1006 8758
3279 175
5746 8586
5076 8037
5630 490
2638 2817
8730 1877
9292 3166
4795 5909
7059 1588
2787 6593
1968 8964
7803 8435
5387 9647
7018 8728
9475 8024
7486 9106
8199 9585
7692 9628
3974 9674
6470 6612
8843 5200
4842 4488
4719 9637
397 1778
1226 3184
8371 3194
2149 2527
7981 3888
8526 1351
2616 4354
5727 6454
9812 3927
2391 3857
9907 6365
9883 6377
2978 5079
1577 7820
9567 2648
3809 9964
4427 1387
9501 9150
4582 8002
8029 8915
1890 2908
267 858
3614 5994
7312 3426
6273 9704
3635 2532
2421 3519
8909 1751
4950 6839
5923 4517
9487 9733
833 3914
1120 334
9417 2054
8336 3798
7322 6578
6706 3941
7436 320
6287 1101
99 2561
7157 3734
5093 9578
3605 355
7682 8555
7194 3605
9424 6681
3338 6610
6948 811
6944 6365
2865 1633
163 187
4563 3222
4128 8352
9894 6768
9453 9993
9329 2962
80 774
8892 3685
7481 6574
8593 4675
180 8017
7709 9870
4627 4657
681 7924
7374 9899
5909 7537
86 472
7111 567
5176 7006
7335 981
6999 3016
3943 7079
142 9188
7117 7624
5762 5710
8651 2294
79 6360
8517 4707
1017 9198
8983 8391
9097 4892
2281 5536
1716 5744
2455 3245
2750 6142
4226 6102
5510 4522
9533 2004
3710 6650
9628 5824
2360 4632
4471 2440
992 2988
3499 8362
8538 8834
3105 3988
78 1738
5876 1794
7483 8331
1391 6585
825 5618
2687 6335
140 2221
8339 202
8871 4320
6026 7584
8952 6849
6376 6296
9837 6227
1010 8376
5061 4116
8716 5139
2206 4592
3285 6041
2923 4677
2627 3748
6647 5314
6435 3139
3887 4774
3341 9111
5446 9367
6695 750
2569 9423
7047 2406
2002 4409
7134 7063
4877 5850
8554 7084
442 8191
3125 9717
9220 2104
9817 5867
7419 6252
9006 7658
7379 2347
6769 9177
8067 9816
9928 636
5591 6975
9394 7593
1384 6529
1008 6262
8731 9562
9698 5526
4106 9175
5243 3326
1280 1413
9194 5051
7665 4552
2709 1396
6900 9479
574 1319
5647 502
8307 1239
3829 7701
8832 1565
582 9841
4179 9314
5755 229
4840 9861
9405 6435
9540 685
7848 8734
5736 1866
3286 8445
9614 6538
4276 188
4209 9924
7042 2516
1163 7223
218 6347
8789 800
2540 9320
6466 4648
9550 7658
861 8955
4094 401
5992 8294
5487 1728
6512 5126
6525 6127
1664 802
2667 5874
7078 9710
4742 8241
6933 4960
940 2074
2113 3481
7747 4931
4481 7297
2590 5342
2604 3036
5744 8596
1330 1231
6676 7843
6357 3201
322 4374
4003 2989
6600 1081
9051 1342
5674 2337
2655 2967
4411 1120
2800 8510
6051 7281
5807 8641
2623 4763
8029 4719
3359 5712
5951 35
9907 8660
3237 229
3034 3592
3218 5986
1026 8622
7329 3052
959 6336
6019 1722
7456 5171
233 3507
2452 2392
8501 1428
7156 2882
6147 515
8594 2098
6903 4853
7111 6492
5082 6497
6436 4653
2484 3814
3275 6165
6867 4234
8853 9238
5956 6309
762 2541
6168 3214
4934 1021
4642 2090
3904 790
8957 8850
9240 5860
3704 2703
8704 5138
9201 5141
9791 8037
8955 9418
4202 2174
4 3055
7765 2313
5716 8527
4854 1884
8093 9788
9258 9088
8230 9514
9878 7188
8364 5470
9400 8420
8174 8105
3559 3727
9598 9702
1764 4905
5473 2318
3432 5477
1725 1197
4142 7441
6076 8997
5677 521
5137 1287
9609 3368
801 5839
6908 5518
7662 6308
3938 2188
765 3849
5915 363
3552 4031
1621 9025
6349 5053
854 4426
2602 4997
1867 5030
346 3896
5551 1835
5184 5161
5203 2337
7352 8463
7855 5014
4772 1794
7202 1889
5643 9469
8605 5547
3500 226
924 6201
5279 8131
627 4233
3128 8846
9263 9826
2743 1166
1661 4279
2679 6865
6616 32
1680 824
5046 2804
2618 8601
4694 4613
8070 3299
6513 1571
9877 3789
7772 5156
1920 4752
5741 5048
3598 5004
4874 2693
6170 6536
6972 8850
9753 9941
5234 1433
765 280
590 9735
5233 5284
700 3304
4935 7213
1227 4812
1003 5351
6320 2923
103 2061
4324 54
3417 5550
2747 5939
8438 9720
1141 8191
6013 6375
5977 6778
3008 6567
6513 8241
8203 7213
7897 3138
779 5476
4302 1782
828 622
1057 7283
2683 1733
7337 2452
7284 85
8391 5722
6157 9533
266 2170
5908 6243
5300 5268
9162 1813
9862 3717
5378 7759
3207 6157
3236 7509
4291 416
8131 1701
7699 7166
3434 5037
9618 718
1474 4361
2793 7631
3894 3059
6153 6155
5654 1453
1423 4816
9618 1285
4885 4996
5397 8092
7506 8633
5601 8149
9049 84
9850 6748
3602 9637
8137 3220
355 5963
7581 3148
9946 7828
2559 6099
3983 8213
3904 1758
3029 3522
3044 7914
4871 4793
2358 8729
3426 7959
6878 8827
4395 3081
1927 7997
2718 65
7569 9425
2380 5151
8926 2327
2979 1485
4778 3314
9699 8683
5072 9080
8557 4468
3347 9780
9261 5705
8509 9039
17 1740
7866 4412
4821 9794
8762 3891
6211 6331
3316 8591
1482 2242
7270 813
80 2049
479 9779
7084 1904
5211 1993
6372 8558
1774 1986
616 6635
1025 633
8375 8892
1397 9548
5038 159
3439 1249
6491 6756
6192 4325
5350 3463
1491 1782
1864 1970
1561 5300
226 3125
7293 6599
1683 5419
8585 2299
2055 5962
9284 6782
4854 682
6331 9892
7193 9770
7493 3684
2878 3686
4362 4581
3501 2205
6363 1717
527 4277
7017 754
7402 662
7353 9085
6082 2290
7737 4489
8252 7021
1271 9459
4055 7602
9351 1249
7373 3197
1285 6603
6883 5647
1184 6736
7852 7548
8453 8380
1825 1822
5486 9227
2484 2839
4664 8566
1481 2401
3055 9733
9423 679
9192 3478
8281 4896
1079 2006
8093 2365
8610 1328
8012 9794
4416 2217
3694 2869
6949 5519
4691 2435
1098 7175
1626 5763
2094 3107
8164 1501
9192 3939
2180 8385
3770 6814
9633 4849
5172 7726
7214 3782
5406 1579
9929 9822
3796 9975
2691 7097
5495 3734
5884 6593
7261 7510
8708 5707
617 6873
7209 9809
812 5741
4546 934
8907 4179
5784 4080
8257 2998
4214 3663
929 4143
9837 1077
4119 2528
8174 5966
2614 4058
8911 6228
7920 7620
1935 4889
845 5496
4699 8009
7590 5597
8944 6497
6129 4728
577 4386
4078 4792
4402 5008
5287 4239
2437 5758
3120 612
8076 5734
1022 6988
8314 8943
960 250
3832 1805
2098 4883
9814 9688
6833 8758
2538 2962
9838 3115
3700 3917
4259 8102
5277 9547
2342 7714
5305 1814
4678 3382
7548 2053
6722 2215
7348 7682
8817 7532
5839 915
2416 5653
6956 5601
764 9494
8563 602
2609 2263
871 3221
366 2500
2768 9060
6567 4425
874 7597
4159 4774
9650 881
6989 6998
4915 2158
883 754
3074 3299
2760 30
5252 3524
5876 3815
478 4837
2430 1350
8058 9148
202 826
8208 6769
1604 5434
4367 5763
6561 369
2997 9902
3720 7912
2061 4603
5019 1487
4254 4131
1517 9506
7655 3745
3321 4485
8582 5751
2187 6641
4900 2390
3819 9460
9159 5423
1247 9878
1187 7808
248 4184
4062 320
8448 6123
4923 3467
7610 9177
7598 5479
8683 1605
9224 8356
2443 7807
459 4630
800 1711
7020 4619
7524 2532
43 8771
8762 1230
2931 5362
1766 6993
5682 214
3117 605
34 7079
6134 3984
2559 1169
1942 8135
5877 4385
2294 6337
9015 3094
4400 2388
4066 1924
1272 4109
7047 34
1691 9978
5397 3457
6972 7431
23 6441
4389 57
9872 523
394 2431
1693 2336
6919 7570
6721 9213
259 2088
8660 4660
4476 2726
2936 5748
3187 9984
2135 4878
9962 7532
4687 3286
4963 1062
9727 5704
7472 9600
6228 7866
8383 4273
202 1654
8195 3275
868 4807
5363 5880
9467 6192
4958 8755
8292 8145
8739 427
9375 8702
4311 4062
8340 5627
1476 4420
1331 8948
372 3911
6814 8755
8184 3368
6762 2732
6643 3982
7539 8359
9862 3358
4551 4820
2113 9195
2965 853
9623 8692
5907 286
2754 4247
5913 582
8667 3597
9531 9039
7508 6345
4147 2045
9714 7261
4777 2709
1243 2316
1068 1105
5674 1971
2277 4139
1167 1594
4992 7142
286 899
3780 9392
1499 9694
9974 6518
9643 9505
1910 7151
