10000
704 562
751 178
638 160
882 564
711 344
244 710
805 26
420 471
333 781
644 314
249 899
71 436
385 684
279 142
331 899
203 387
462 954
917 452
467 799
16 178
495 612
241 653
991 13
124 324
794 120
990 395
372 62
183 757
746 462
899 429
714 455
817 176
761 86
628 228
886 996
759 381
961 0
386 952
13 862
628 159
983 618
554 355
32 737
464 778
551 716
560 265
171 377
793 932
815 773
513 701
122 272
435 83
272 821
35 285
36 663
796 19
633 350
726 666
439 542
796 342
610 356
960 781
85 753
66 901
879 579
602 1
851 389
436 475
563 471
112 599
486 908
970 119
610 696
137 49
590 934
743 201
290 703
334 376
809 400
629 40
979 231
41 182
973 477
657 536
300 769
135 138
29 105
609 639
153 747
40 95
33 784
296 675
839 631
403 648
31 32
688 363
616 81
545 589
910 555
125 562
676 612
700 706
69 662
345 222
761 738
317 794
522 966
469 361
949 225
362 332
257 50
695 873
484 593
814 394
148 939
309 176
903 9
882 972
23 580
546 784
318 216
930 192
534 752
553 483
977 267
815 234
670 863
460 154
456 274
900 956
566 209
132 821
571 367
794 946
947 692
731 265
260 13
457 794
765 362
277 742
982 93
329 652
956 141
158 764
767 58
720 685
620 204
507 543
571 653
489 870
345 220
487 606
586 296
752 351
11 30
446 993
123 127
645 431
620 155
195 387
213 267
73 185
823 932
728 747
585 218
617 282
790 105
240 376
753 993
80 764
23 878
757 498
5 754
929 625
909 476
364 475
743 437
660 918
721 741
665 658
311 283
941 101
740 533
830 493
878 262
610 253
140 367
751 497
474 32
474 383
860 838
210 603
628 223
522 349
964 539
8 627
822 301
80 914
834 910
760 713
524 370
318 664
737 70
513 563
454 987
299 315
826 509
270 806
732 144
155 48
684 515
675 858
816 108
773 3
370 533
68 895
255 386
911 344
808 425
908 263
412 207
578 590
716 200
396 801
345 552
201 381
419 229
239 236
337 364
591 707
249 659
602 504
397 514
849 206
291 757
469 703
316 399
646 384
599 42
185 296
946 387
677 366
968 269
954 305
985 545
364 235
556 967
739 953
833 940
159 476
49 980
179 365
379 825
750 331
220 287
979 166
26 9
532 994
278 486
299 263
31 16
850 587
983 590
541 168
882 52
644 932
33 175
649 412
353 751
95 573
39 75
739 65
84 272
412 714
110 63
329 142
79 180
81 62
122 974
582 4
27 578
288 60
754 938
824 107
41 272
32 80
347 771
498 783
395 910
849 506
973 178
0 53
710 433
467 832
760 50
189 787
628 477
199 734
767 375
193 161
647 225
241 346
349 739
129 96
649 978
954 975
509 954
28 219
740 495
52 500
897 593
639 878
422 838
612 542
565 158
703 565
383 944
911 84
36 393
181 37
723 135
12 232
442 40
452 182
888 856
34 785
449 673
663 871
863 276
413 428
434 116
993 169
413 257
606 801
650 787
838 373
274 851
606 68
243 410
250 131
266 636
269 715
309 932
938 172
560 704
953 346
172 298
868 585
555 474
386 557
613 577
931 887
780 889
956 23
651 558
507 917
547 776
984 856
708 274
29 269
978 334
967 151
632 835
88 188
309 475
745 922
52 28
162 184
269 470
207 920
380 714
837 927
842 173
784 551
448 165
172 426
499 139
577 131
327 666
671 636
493 769
911 897
797 425
81 67
895 640
987 627
707 177
555 549
702 691
100 150
208 624
577 59
116 506
542 443
524 214
431 369
983 342
618 780
767 51
199 14
692 539
994 399
68 901
948 770
592 401
921 152
377 850
211 493
708 753
936 585
967 720
306 302
62 925
435 182
976 634
548 20
525 542
419 593
443 720
716 387
473 637
539 850
839 102
344 547
208 632
484 175
352 791
830 767
716 265
949 44
251 849
65 777
392 836
722 187
908 438
575 381
427 466
232 266
921 928
166 129
560 650
656 265
441 486
32 509
751 333
554 355
182 971
484 926
159 206
114 68
997 41
449 424
859 33
43 780
961 209
909 874
211 566
139 5
52 171
866 156
504 420
511 686
743 995
965 903
553 79
971 550
472 772
327 331
806 370
112 119
931 373
993 494
291 484
499 344
655 366
852 511
138 715
550 882
62 515
137 967
946 460
870 418
232 197
101 390
919 565
510 850
939 855
344 230
340 196
926 347
562 130
859 52
845 409
286 259
276 423
227 222
883 97
992 468
646 93
210 565
659 720
767 598
928 111
180 620
659 107
967 221
589 826
274 787
587 560
46 215
336 625
437 571
74 781
39 720
875 250
637 886
322 404
484 602
868 16
222 527
123 190
101 65
368 727
852 308
287 898
523 975
876 313
547 950
94 938
23 321
540 660
207 863
417 43
465 285
60 688
164 535
230 265
600 598
992 452
906 632
703 782
959 579
95 506
529 541
445 904
863 985
917 70
200 334
466 18
971 526
58 135
61 288
753 14
238 97
466 497
81 169
279 41
748 374
899 630
267 344
886 130
682 803
553 234
137 19
252 460
545 310
948 958
950 53
972 189
150 791
686 584
960 317
625 61
43 524
43 310
221 929
441 255
733 994
489 222
365 94
683 910
404 631
220 707
36 545
248 186
336 286
122 296
603 99
709 646
976 752
956 197
682 749
804 767
95 293
989 460
739 24
722 496
7 943
203 43
488 451
582 176
737 704
472 692
804 534
338 780
286 646
329 320
396 133
87 491
778 429
952 518
453 26
14 461
969 569
504 809
20 86
985 109
143 810
801 947
344 491
727 982
137 408
655 885
541 94
377 671
523 681
189 977
707 555
790 29
124 294
190 496
733 176
957 876
338 758
175 34
601 254
368 91
662 23
976 555
118 705
226 641
386 768
970 446
675 760
475 800
407 17
648 140
193 606
368 883
716 895
917 318
149 286
409 163
309 385
718 779
443 296
421 829
64 743
627 740
504 454
892 911
472 540
403 17
146 123
901 863
18 818
533 167
456 942
682 118
679 400
897 122
696 670
304 761
414 931
853 270
386 745
181 210
637 584
227 136
707 128
999 725
299 884
244 107
826 926
225 857
678 475
980 374
497 636
487 911
567 692
181 305
789 714
515 427
298 743
563 357
223 914
434 522
798 30
630 976
956 207
833 986
682 165
361 532
801 200
443 721
893 977
26 682
691 894
461 342
989 24
51 212
938 486
87 88
516 69
64 825
276 898
811 311
415 524
843 217
77 638
290 970
967 668
4 11
562 466
353 551
842 756
116 781
242 203
221 111
624 286
288 900
536 451
563 951
976 758
520 405
749 810
375 716
479 731
727 393
549 432
297 392
189 413
525 431
968 746
894 592
32 534
844 920
986 408
872 314
518 392
719 267
555 446
984 34
177 711
779 727
144 76
119 685
489 996
116 457
742 363
49 127
897 246
47 883
654 271
549 172
664 268
440 571
714 776
957 244
839 736
323 983
813 794
668 302
790 137
112 532
852 513
11 749
759 59
985 765
330 534
938 346
155 730
917 221
858 874
465 697
963 140
33 776
934 53
430 724
542 542
609 394
408 620
496 167
31 833
933 362
719 223
60 874
305 330
448 163
204 913
860 519
406 893
295 340
299 726
417 841
620 378
236 28
350 84
196 382
917 481
96 988
704 156
215 9
486 663
524 43
928 384
562 334
630 210
675 929
936 444
122 908
822 358
937 524
794 485
906 63
966 354
52 22
511 267
383 349
930 907
744 858
643 307
193 625
869 220
906 157
16 29
65 838
739 354
714 534
839 621
949 157
975 1
531 838
620 914
540 550
173 284
761 169
943 306
794 812
526 53
969 542
82 35
732 173
389 446
59 581
419 9
90 747
362 622
937 983
888 477
885 62
762 646
231 705
952 377
518 830
782 839
724 216
874 808
390 616
607 801
197 26
810 287
125 525
261 63
508 150
540 393
212 654
40 795
360 344
524 230
527 307
69 251
875 296
60 265
912 19
67 461
397 229
100 523
754 362
586 614
864 478
8 428
133 400
223 845
96 99
75 623
758 496
875 634
792 287
251 56
658 670
517 55
900 970
578 6
332 516
621 548
347 981
976 480
381 551
677 477
650 752
453 761
600 680
747 393
319 998
449 977
21 319
32 273
289 963
279 973
831 252
521 178
233 497
658 966
400 335
444 50
439 249
163 40
929 910
785 248
261 586
225 282
905 609
555 546
572 186
519 404
439 392
934 672
241 593
639 641
280 435
44 72
684 207
464 965
470 249
213 731
835 790
365 93
399 920
639 324
106 511
80 897
903 14
570 145
959 561
786 592
996 830
664 32
390 480
997 860
81 562
591 268
704 308
361 455
228 353
779 686
864 211
584 767
226 506
264 537
67 403
129 415
233 145
799 623
977 148
835 58
62 778
327 766
86 688
221 666
393 1
353 257
564 289
377 142
147 641
680 566
44 161
333 630
659 132
605 636
632 441
695 694
571 22
460 658
62 681
324 456
34 29
65 599
670 442
741 817
436 773
383 480
935 68
462 946
200 68
582 184
861 629
878 432
3 690
90 66
372 767
874 758
148 939
357 819
734 451
636 170
224 372
2 511
792 465
809 993
885 392
529 98
21 408
530 25
450 973
443 822
92 669
581 240
960 290
59 694
741 48
216 318
772 219
181 564
36 991
909 921
383 439
19 756
199 901
133 649
226 928
824 318
949 405
559 262
695 618
308 789
666 525
459 438
96 640
355 132
631 264
405 366
703 776
475 902
29 960
904 256
241 728
574 190
485 133
452 180
752 761
321 770
638 780
561 734
421 916
218 404
180 623
123 236
751 598
138 780
910 394
36 151
122 611
694 607
744 146
140 848
259 813
619 897
594 180
983 367
448 201
123 628
176 246
864 927
196 355
708 107
749 744
610 224
707 304
183 452
803 323
652 62
137 271
312 83
803 295
450 251
849 925
232 25
172 448
953 368
803 13
827 905
109 790
481 817
94 664
621 249
340 273
664 829
897 976
912 700
623 714
304 472
639 888
498 163
336 803
884 492
816 711
749 925
853 230
742 948
246 363
197 586
989 861
415 886
189 679
938 813
745 242
637 737
130 487
900 819
290 784
311 106
848 60
384 701
290 126
1 536
842 551
475 831
764 242
69 954
274 7
119 19
250 756
756 732
596 9
551 886
145 862
345 345
922 729
399 564
207 400
453 49
303 928
232 68
522 301
22 796
309 493
816 911
601 924
995 197
285 547
84 431
761 781
776 36
510 175
952 717
928 405
119 231
685 351
651 208
5 673
4 666
166 172
929 768
449 924
317 734
823 753
165 937
534 294
973 396
821 277
466 101
683 585
685 720
288 336
928 293
10 285
311 528
457 240
648 906
165 966
641 340
719 158
277 254
452 250
2 626
528 468
727 563
53 412
283 342
749 564
987 111
849 651
639 658
891 640
917 408
606 910
749 325
68 26
931 873
629 934
499 509
402 226
72 808
991 707
502 740
271 489
851 472
140 842
483 384
482 400
792 88
662 541
766 730
568 49
955 197
983 454
58 738
33 130
546 24
189 48
764 813
889 967
285 382
809 120
766 644
872 910
732 534
452 850
265 372
900 220
921 235
27 979
973 412
461 871
436 650
271 552
463 513
519 101
895 680
221 13
324 94
923 409
628 375
259 245
99 511
818 20
747 197
351 72
609 812
296 397
463 567
949 278
432 820
379 327
852 953
340 529
47 616
938 27
343 549
625 443
413 443
815 512
992 167
584 601
331 232
998 794
152 947
425 584
119 804
912 971
109 604
500 156
220 790
536 564
692 161
359 105
956 174
617 948
693 553
901 25
786 899
171 290
198 596
874 317
753 138
640 862
95 493
371 315
635 907
231 327
420 590
432 728
117 401
28 810
955 929
835 93
828 7
383 378
955 257
47 708
748 687
571 843
532 942
158 168
201 742
495 973
684 280
701 801
681 81
964 988
10 799
81 190
158 816
568 114
74 615
174 822
654 745
665 187
39 175
707 592
269 554
565 954
834 618
107 868
699 71
208 709
223 642
899 733
458 467
199 884
434 374
706 89
471 723
628 511
251 335
455 520
889 21
826 76
639 286
296 691
709 504
400 284
498 652
18 957
471 569
841 906
943 900
995 767
623 623
630 226
310 85
99 199
106 277
627 98
563 923
789 625
780 541
909 278
193 279
235 665
849 429
923 144
329 270
263 304
245 893
531 555
979 982
106 85
259 734
535 175
657 324
800 437
218 61
68 411
693 303
428 542
84 703
38 413
973 302
718 218
195 601
773 526
583 880
964 194
966 499
369 623
176 521
413 394
583 481
157 276
136 938
170 221
641 560
986 615
214 704
833 410
657 959
288 240
191 252
787 157
752 156
132 280
678 897
26 613
378 535
241 867
473 763
440 115
323 426
82 538
483 267
300 140
578 588
733 769
193 872
278 297
28 763
577 58
660 955
23 391
490 264
258 964
27 50
431 703
476 865
593 311
132 893
804 63
833 889
832 26
761 463
675 141
226 604
552 886
559 575
277 50
192 887
366 571
937 149
274 766
14 867
429 498
112 233
561 298
474 746
676 587
561 352
729 787
956 281
25 516
208 655
918 400
542 284
972 832
785 246
950 151
466 379
649 930
965 563
228 791
309 905
379 870
609 460
9 565
93 34
433 301
41 351
702 936
987 26
768 124
624 70
275 90
801 925
373 766
488 601
910 149
858 289
19 467
101 380
385 194
766 170
495 808
874 549
744 213
575 864
338 552
934 613
994 735
890 367
854 730
969 764
879 179
405 250
999 506
630 736
700 749
906 547
557 780
97 653
994 24
517 684
576 803
297 571
890 540
290 744
270 611
860 150
791 265
400 142
771 383
878 823
132 136
371 41
917 820
694 263
844 563
299 773
366 948
696 608
488 986
353 759
598 565
261 389
831 13
883 954
396 761
778 880
897 149
921 166
321 967
781 165
530 80
290 248
29 986
857 869
973 562
628 923
127 889
664 310
903 547
265 651
308 43
884 557
544 157
76 865
125 857
382 7
290 673
608 671
11 465
540 336
379 169
259 506
410 923
817 665
470 434
669 130
829 553
688 373
710 764
590 187
973 324
195 263
349 803
934 361
620 475
697 999
996 309
857 758
232 26
424 703
460 445
833 289
998 873
14 60
989 956
248 963
281 795
226 982
950 513
695 570
340 745
921 688
54 130
446 286
157 222
341 617
667 527
907 17
400 273
78 390
230 326
353 511
121 931
845 423
796 541
993 136
286 266
824 692
396 623
978 905
197 672
523 217
199 782
234 599
55 664
341 285
990 46
148 463
978 346
886 126
887 231
263 525
849 439
217 598
414 547
503 612
219 378
829 418
512 415
370 568
80 711
205 422
758 706
886 88
52 124
214 939
708 829
816 557
269 33
507 683
580 11
647 800
389 476
570 902
892 940
822 324
4 379
746 762
85 984
202 489
109 768
780 169
598 596
78 867
629 586
902 562
949 550
714 690
378 284
944 622
577 766
946 581
498 693
695 583
677 897
425 138
665 205
659 615
802 738
834 783
676 737
345 625
639 411
315 17
48 260
640 625
26 938
558 876
983 253
460 13
502 885
151 519
442 163
135 244
901 969
28 577
58 725
202 697
137 517
715 185
129 707
162 508
645 720
384 629
325 844
642 827
81 145
698 876
308 833
120 561
155 500
490 213
226 44
263 715
562 978
900 43
37 62
551 34
134 936
663 459
132 657
286 214
155 984
442 815
170 562
729 677
63 219
242 641
264 505
356 178
835 256
221 872
670 773
907 804
709 922
263 841
932 901
407 439
885 849
254 407
764 335
84 827
555 327
820 819
184 176
997 20
784 570
244 454
343 503
610 404
426 873
246 710
774 5
501 11
207 107
771 971
443 207
150 998
534 970
169 71
146 166
91 930
88 687
736 432
191 346
188 969
571 434
679 697
792 180
60 999
639 831
970 82
39 120
80 925
90 249
996 588
767 439
870 856
127 606
640 318
304 828
287 227
615 318
924 759
850 984
758 489
168 80
572 207
200 4
484 642
254 833
582 373
624 452
229 751
410 221
421 66
402 60
293 17
730 569
776 932
905 886
774 73
966 346
632 518
702 469
512 308
302 94
682 926
898 263
30 660
485 451
78 887
864 723
256 594
292 384
527 549
270 653
975 588
999 959
106 53
428 618
362 82
64 396
9 962
659 391
974 496
194 52
735 58
127 343
5 419
727 884
320 349
537 295
937 888
255 43
941 683
13 655
118 77
51 479
391 63
870 365
911 64
769 647
475 896
990 832
667 70
68 988
419 605
635 357
845 890
752 138
926 766
794 44
843 197
523 235
612 745
952 524
161 74
171 988
970 513
820 990
583 888
330 3
845 965
712 690
208 464
181 134
582 327
530 426
524 405
13 489
150 317
13 663
391 536
652 714
49 472
704 985
713 34
340 910
351 52
601 559
868 782
45 451
109 927
229 985
332 242
474 834
911 839
498 303
375 502
369 425
326 425
410 39
459 750
950 162
154 903
722 22
37 767
825 498
695 54
835 379
648 662
566 560
501 416
215 877
918 584
654 244
9 64
636 820
166 938
982 672
193 56
694 230
824 520
80 871
926 915
602 575
577 168
135 431
584 702
308 502
638 962
99 999
378 735
819 896
25 153
568 218
210 614
800 386
134 880
609 61
147 211
988 77
732 475
508 316
177 816
171 815
130 270
814 860
357 985
756 382
490 324
600 52
290 752
790 425
632 751
838 131
315 178
208 47
653 68
363 830
236 534
997 366
156 163
578 513
500 334
895 990
10 847
395 301
599 185
78 583
937 268
715 252
446 275
651 99
344 14
281 932
901 278
651 57
441 229
571 941
916 818
283 926
666 678
579 265
216 9
201 505
277 268
109 75
543 760
174 239
774 807
524 27
85 175
85 878
404 8
819 320
826 455
599 492
133 178
110 349
540 311
206 817
931 315
893 474
75 419
66 202
579 590
229 664
765 666
895 521
674 66
842 853
521 793
697 655
971 807
356 511
470 915
681 401
230 926
228 306
697 646
508 276
236 89
293 353
756 188
226 782
254 68
987 776
861 685
783 185
844 491
48 315
406 81
68 637
359 648
295 57
294 155
685 882
596 978
587 704
518 814
487 125
234 826
253 448
511 36
633 356
879 33
671 638
467 91
627 826
740 922
883 386
429 921
269 25
899 856
730 770
22 569
895 257
395 500
705 907
888 690
615 767
75 638
405 542
729 384
369 821
306 604
208 87
525 829
113 777
37 195
547 60
116 794
317 863
294 374
122 182
64 737
301 139
375 59
682 457
443 403
278 102
7 838
189 533
667 654
310 705
201 209
117 317
355 786
533 1
160 655
535 576
393 836
67 120
247 749
577 43
504 856
145 512
46 686
397 714
693 707
771 894
268 240
564 975
26 97
976 538
752 511
114 497
699 181
618 947
283 195
990 787
403 487
299 450
173 696
516 218
755 639
113 375
879 29
350 905
478 326
443 582
189 909
80 889
90 50
188 725
597 530
513 1
17 164
803 542
213 671
761 320
310 226
696 189
255 398
446 733
77 889
667 618
150 747
859 240
797 47
318 747
929 831
100 298
347 903
841 560
926 954
233 236
180 281
777 787
31 223
872 108
464 539
727 614
639 586
206 788
986 524
535 267
707 635
566 55
890 759
967 816
713 200
52 245
833 181
384 865
404 256
973 868
147 52
834 786
991 41
575 329
565 462
596 273
98 514
680 988
273 647
805 338
200 209
583 385
391 319
250 147
575 576
16 723
628 850
861 971
243 788
652 809
251 601
434 349
115 466
689 741
113 846
79 665
56 15
51 799
334 653
946 262
229 314
337 210
517 198
533 760
987 186
569 590
787 355
291 902
821 980
643 287
827 75
304 235
90 355
386 424
9 332
686 590
999 23
800 516
574 334
276 913
872 198
503 659
553 146
561 727
126 557
14 305
632 318
540 74
26 926
498 387
611 537
977 610
912 130
478 838
816 754
751 688
952 606
347 858
752 260
585 231
169 951
536 153
621 429
227 647
707 78
386 318
967 716
280 879
846 758
70 14
865 173
702 169
780 401
379 884
13 964
115 183
267 4
688 889
433 916
888 140
994 275
811 313
991 443
192 189
554 614
203 771
788 257
940 920
10 320
804 23
636 272
558 904
628 599
145 413
515 33
905 861
660 68
174 651
512 718
192 418
333 747
189 473
4 481
393 366
153 549
742 790
173 652
46 801
251 191
566 118
576 472
979 237
540 505
240 404
576 433
822 261
180 363
734 537
845 479
255 998
28 997
140 202
650 538
355 253
729 922
372 658
746 703
247 286
209 487
43 137
272 865
398 805
581 132
694 778
611 949
128 991
299 269
545 949
807 253
202 889
175 926
899 273
630 146
559 839
633 602
976 258
820 726
63 753
210 109
531 173
58 659
164 357
928 62
658 88
315 213
977 842
139 876
115 769
374 674
960 359
629 288
617 801
14 32
554 576
141 437
749 552
96 266
909 377
328 920
465 643
133 794
485 624
22 600
746 396
626 706
107 607
347 725
760 713
109 666
290 251
103 39
803 200
657 64
929 985
984 746
980 469
540 465
446 914
417 192
662 396
898 769
3 597
846 764
311 956
782 601
559 886
992 362
438 650
778 367
635 115
113 616
584 5
433 30
919 203
574 933
599 825
702 602
422 901
718 733
857 501
334 768
739 327
482 177
329 260
544 964
375 9
932 312
14 718
694 285
921 269
218 520
94 272
474 516
525 545
250 382
398 936
502 137
615 984
666 944
245 562
261 620
571 193
284 937
263 979
574 536
248 144
408 342
416 883
210 942
780 460
676 178
749 179
667 364
515 685
309 760
247 570
733 170
115 17
459 731
996 33
267 244
177 676
938 945
911 149
239 691
961 916
221 710
447 240
75 962
925 736
75 524
306 808
46 773
177 505
504 174
890 772
770 419
800 61
716 711
210 956
402 523
224 975
586 671
215 13
985 140
749 412
16 407
220 62
532 398
919 37
924 809
161 46
580 961
107 296
24 669
252 778
193 476
753 779
499 968
792 837
460 893
249 476
300 822
538 832
220 809
221 496
618 734
542 550
47 650
846 71
671 99
849 864
927 602
995 779
922 139
616 382
32 217
210 684
39 100
517 611
909 90
107 879
825 2
429 872
4 276
296 675
727 145
540 654
100 887
785 374
27 401
109 59
971 319
744 10
420 613
622 681
703 81
561 880
83 990
753 87
266 49
115 993
546 655
0 998
894 785
373 921
539 482
981 510
801 725
872 573
690 494
255 393
928 168
274 363
158 379
803 777
780 918
122 678
925 122
677 819
260 50
741 151
884 722
13 37
799 885
611 489
732 218
234 660
386 860
23 896
591 178
673 371
96 796
402 21
270 79
193 530
129 934
33 365
8 46
402 159
932 13
0 664
583 586
324 321
447 699
218 390
878 891
114 326
687 516
700 958
595 893
840 76
179 874
441 539
920 843
698 204
209 50
868 144
636 544
466 435
596 36
178 826
279 292
152 319
808 852
629 755
745 469
831 276
695 624
815 968
819 865
172 28
915 393
525 904
289 343
339 885
379 517
711 658
161 216
329 969
68 958
76 166
780 907
442 475
883 610
795 703
475 320
83 391
713 608
295 354
951 986
240 682
856 303
693 17
519 22
339 940
333 415
458 113
675 900
940 910
510 88
613 338
408 697
729 473
657 376
827 961
714 67
995 570
723 40
940 594
63 631
534 748
398 992
861 73
245 153
984 107
241 949
445 649
998 526
474 656
902 302
969 969
721 964
539 444
5 831
39 420
462 925
520 213
918 733
286 515
886 622
622 128
572 420
129 570
946 956
578 201
258 899
170 979
216 61
776 573
893 167
993 707
92 865
920 362
598 559
229 484
533 204
964 105
624 446
28 570
402 958
123 660
858 293
991 74
355 119
647 600
286 992
659 731
857 932
445 455
491 675
939 24
879 256
482 503
702 862
425 456
820 549
468 678
194 459
104 549
931 751
501 217
95 161
300 952
445 746
759 288
773 51
664 652
307 146
507 361
8 284
817 829
185 285
859 380
96 964
281 27
67 135
597 163
648 897
467 93
995 227
381 768
630 45
420 937
192 279
650 552
564 467
733 101
104 945
481 200
261 115
580 328
250 177
843 250
426 663
343 422
242 724
190 872
121 611
161 665
242 811
218 806
630 303
908 734
248 741
286 509
208 866
190 810
395 385
60 822
400 403
596 642
479 786
514 601
749 27
266 992
838 836
150 468
140 410
554 740
504 841
602 712
59 792
523 807
529 935
981 930
691 577
572 170
363 439
123 113
466 742
457 657
930 607
477 422
18 32
163 522
225 117
586 636
909 461
443 790
397 776
720 88
353 645
610 717
436 86
182 254
828 639
911 110
598 741
533 616
773 48
490 350
165 77
986 426
538 782
216 287
558 289
727 912
934 690
981 370
776 163
976 956
154 888
66 752
629 599
721 754
999 563
104 164
992 442
590 883
224 807
170 135
96 250
47 382
940 380
104 716
895 80
24 49
968 90
153 949
42 226
55 41
142 511
206 134
954 796
17 530
955 540
665 403
790 64
785 730
444 889
798 691
970 822
92 290
912 246
592 306
824 647
348 966
159 906
101 465
54 470
995 10
10 13
765 800
77 551
530 874
792 328
565 762
150 658
405 415
256 997
721 80
996 421
399 507
327 852
972 734
322 320
96 333
333 861
133 762
764 16
636 557
696 554
671 199
212 76
614 468
425 687
900 422
109 299
281 788
503 254
522 826
926 618
159 259
480 644
21 244
12 10
153 61
564 825
260 776
901 226
596 327
265 848
101 726
500 382
515 3
988 389
829 914
8 340
525 840
337 547
436 349
909 590
410 473
767 22
601 668
600 197
347 866
397 800
592 897
183 107
901 523
497 82
438 857
423 315
49 760
862 837
461 123
427 224
596 194
246 197
215 847
746 914
65 144
715 657
41 250
117 294
773 966
377 563
175 152
879 224
912 93
61 725
217 841
949 813
387 548
363 954
747 461
869 812
605 584
821 999
834 938
645 607
256 374
171 431
526 402
7 790
495 69
516 712
262 817
878 649
365 241
604 112
54 473
276 12
409 98
11 595
388 8
202 645
383 725
428 909
127 436
52 623
857 568
687 119
385 565
120 103
158 724
567 213
549 844
225 310
294 588
905 34
948 460
31 331
185 460
593 665
248 645
640 105
565 679
224 950
245 344
405 755
421 973
968 322
817 545
633 463
133 538
849 82
998 881
765 536
693 710
553 941
355 193
46 272
224 622
575 469
966 980
225 387
953 545
710 122
91 695
937 576
233 787
10 584
668 128
472 713
838 25
654 546
570 52
818 794
674 393
616 640
374 841
380 327
738 442
450 829
137 387
758 722
526 768
658 546
896 130
259 87
155 913
633 77
965 451
872 991
845 488
984 219
681 716
898 419
158 700
601 647
440 359
721 966
479 380
513 728
862 772
815 18
38 448
95 355
251 319
347 96
807 683
667 840
399 918
260 557
618 213
556 58
924 629
377 403
9 890
483 872
14 650
242 52
450 689
760 702
361 107
150 520
790 170
361 541
88 973
98 58
186 6
117 110
635 846
865 997
88 349
221 102
351 815
507 802
504 267
856 865
726 6
386 868
528 99
409 616
72 859
675 258
865 144
720 852
342 937
849 430
638 70
532 990
885 39
792 742
306 648
959 384
6 697
252 535
796 661
503 220
520 178
830 737
674 550
590 16
488 791
446 126
214 331
468 451
370 260
193 29
260 505
413 619
202 18
154 351
31 657
571 904
188 754
641 214
304 583
583 144
375 29
623 941
712 91
392 83
704 938
464 316
443 229
935 997
599 441
700 631
451 624
535 639
378 176
205 34
112 788
179 487
170 154
780 882
597 172
317 301
110 781
970 905
363 257
255 962
699 955
593 150
579 128
141 309
657 346
344 121
135 523
960 657
29 740
539 626
912 857
280 375
990 250
280 705
507 535
668 206
843 613
708 774
94 849
84 103
548 428
224 35
303 184
692 332
924 231
310 836
440 590
211 783
840 844
488 700
731 156
258 574
122 967
349 216
168 785
319 716
565 543
751 868
727 443
552 651
27 862
839 819
453 403
602 645
247 91
345 978
599 604
905 73
571 606
289 739
391 960
808 956
503 559
176 582
3 728
585 382
590 777
201 395
180 156
41 779
599 738
757 198
342 14
624 265
620 913
357 11
874 165
319 729
724 495
664 79
575 249
813 166
378 15
913 558
171 954
337 770
693 447
320 387
461 944
653 434
210 362
445 436
527 117
517 603
964 181
35 540
783 848
58 161
215 971
720 386
278 409
508 323
208 181
62 670
477 715
456 687
429 253
475 956
370 993
912 335
174 947
875 309
795 285
471 11
256 543
749 886
952 610
209 513
791 272
535 268
339 991
308 769
244 783
77 615
128 341
302 655
288 529
964 436
814 435
447 422
330 548
309 283
158 870
148 949
494 683
570 186
674 230
307 918
365 384
885 494
726 187
149 366
68 465
802 882
253 601
657 583
150 318
218 308
188 366
610 35
49 532
221 723
762 528
994 479
264 879
973 342
419 474
61 487
940 863
722 193
465 379
776 967
697 995
275 237
713 237
624 763
121 845
838 883
725 832
363 342
712 688
684 131
515 97
970 455
961 692
0 778
423 128
745 472
475 372
62 189
610 686
952 731
532 790
967 609
975 682
951 687
722 988
170 237
85 140
44 398
833 44
176 256
525 921
81 0
294 143
541 256
829 493
339 713
636 306
323 611
988 626
650 63
966 820
300 52
960 345
802 145
741 979
754 266
252 835
267 898
978 808
506 807
654 846
521 642
152 196
605 493
822 607
556 789
427 856
193 739
553 995
237 295
326 991
561 931
178 180
829 156
341 688
315 347
534 188
341 686
384 946
531 559
905 439
700 332
648 245
423 201
592 660
496 271
3 410
202 181
942 383
337 635
71 5
334 605
193 675
644 930
973 175
841 878
967 541
562 615
138 986
816 82
998 665
353 2
427 555
183 721
291 873
357 362
878 43
320 423
719 316
353 44
843 194
923 810
87 837
425 225
823 242
308 174
259 13
176 686
921 711
759 212
584 468
926 814
512 598
238 231
914 591
627 758
138 550
568 225
388 346
803 563
588 463
737 199
476 265
237 397
977 996
609 913
465 888
728 977
486 966
560 401
909 539
511 47
90 79
625 830
425 428
745 365
243 835
916 719
100 153
469 77
150 430
991 967
318 71
296 805
389 208
558 298
747 69
698 189
500 675
371 278
455 469
995 698
304 912
417 756
65 886
186 567
317 529
886 987
600 534
144 989
742 54
639 842
123 689
31 976
364 755
254 819
224 249
869 880
513 287
636 579
525 822
498 194
703 385
534 303
271 678
644 14
733 636
856 208
677 239
536 42
346 790
213 922
392 435
802 257
74 791
188 599
965 687
146 669
424 32
324 695
710 969
61 795
957 269
356 634
861 892
28 207
35 594
130 779
29 284
36 103
75 225
54 41
264 200
62 40
232 386
735 295
707 149
442 664
418 798
299 279
691 679
839 726
273 321
857 302
957 893
405 33
470 460
426 734
12 840
774 597
226 862
892 934
11 334
950 781
485 601
413 176
281 604
254 554
925 111
857 882
356 614
267 827
74 45
913 439
237 40
36 464
902 928
750 265
614 52
398 99
654 811
627 287
415 233
841 692
696 50
927 53
665 546
232 91
944 497
530 181
537 918
997 791
846 99
408 813
152 807
264 158
970 244
445 738
477 638
782 174
689 709
579 706
608 163
149 904
660 32
85 550
950 435
693 149
534 102
962 38
261 578
196 583
822 993
673 300
632 456
826 321
517 757
379 125
920 528
381 932
560 819
482 863
254 528
12 140
982 326
179 595
904 727
178 79
721 852
731 705
308 557
378 177
314 757
655 586
637 36
518 550
855 353
413 109
881 777
602 863
103 781
458 359
860 988
438 933
840 169
638 500
78 16
678 744
125 333
330 763
721 849
665 577
202 78
38 435
855 640
298 310
773 108
669 634
96 108
919 937
277 558
789 708
574 819
452 700
504 783
815 226
984 480
803 186
910 193
621 765
834 271
75 959
379 96
593 475
204 513
764 834
423 906
542 349
725 994
49 230
129 216
456 113
696 611
299 606
156 272
723 990
895 150
950 274
247 895
102 451
760 866
637 535
124 179
885 850
526 934
432 655
151 240
769 199
203 420
158 359
45 881
350 940
32 652
215 631
899 317
434 12
535 72
547 660
251 432
862 777
719 294
785 222
534 554
773 737
326 931
96 371
813 798
664 197
802 879
180 54
548 614
66 435
686 965
447 290
750 309
419 469
955 204
43 489
110 816
578 437
748 27
160 913
177 824
110 980
55 290
386 955
904 804
391 943
769 190
233 519
500 4
340 455
209 383
297 671
200 875
460 300
254 621
213 432
797 323
764 205
965 150
160 221
954 903
516 75
94 749
595 946
106 935
401 315
319 50
338 871
278 799
171 532
772 384
316 569
59 80
774 376
582 287
597 888
190 114
964 636
215 559
582 321
846 336
988 517
386 327
740 664
478 911
197 250
647 865
819 706
946 946
434 880
233 32
769 775
498 733
412 65
644 994
739 842
330 79
360 717
758 100
733 236
364 282
486 363
148 306
70 94
604 856
974 189
888 95
964 738
828 376
804 824
723 895
667 405
974 379
474 733
831 208
969 195
490 808
559 638
114 981
84 70
837 411
259 78
506 223
168 687
952 324
863 27
219 530
432 194
261 907
279 93
467 600
288 957
408 199
948 874
180 384
944 370
795 203
800 654
779 968
693 83
293 556
110 512
439 542
58 700
801 689
793 268
290 434
226 698
633 526
573 166
910 869
888 58
425 688
64 204
656 757
639 949
665 749
814 456
643 224
509 445
914 302
713 556
88 291
254 722
169 179
240 80
49 128
490 474
816 554
30 472
663 669
774 680
770 940
137 413
516 646
210 782
300 276
338 389
567 945
463 737
124 703
169 525
831 11
351 999
565 733
823 580
754 949
260 524
889 749
290 758
747 500
540 400
776 231
789 696
176 604
785 652
307 306
178 490
317 881
841 882
615 664
814 369
614 426
246 855
176 888
613 275
388 506
675 517
737 816
565 265
420 350
917 79
656 447
921 325
329 762
559 296
427 373
17 393
799 263
248 327
151 214
603 892
72 278
761 161
95 326
426 867
28 695
947 684
143 868
361 824
983 920
120 762
293 137
155 444
753 755
772 256
321 375
148 393
5 909
554 452
235 332
320 263
28 267
299 523
487 660
347 822
932 819
584 225
308 739
22 61
495 794
318 816
521 818
562 526
728 468
331 315
801 651
931 181
270 582
56 757
595 755
932 527
574 516
105 234
256 127
296 103
273 966
271 794
784 833
672 512
302 3
180 455
6 111
988 276
45 44
386 640
151 318
520 77
834 625
311 442
104 607
545 729
573 817
875 358
650 899
222 304
255 402
111 261
865 99
538 263
495 276
903 646
594 775
75 780
752 387
223 208
346 768
937 920
937 812
630 940
712 204
244 967
959 708
580 176
807 118
439 655
394 695
653 340
470 729
121 223
116 696
431 462
816 721
734 754
533 716
694 597
273 290
916 232
998 497
760 158
615 200
165 362
895 170
54 717
899 527
292 367
223 724
182 392
797 268
146 330
337 192
280 610
834 196
842 833
693 602
343 661
154 860
375 401
30 781
119 282
661 411
649 884
487 183
628 284
452 774
967 789
318 247
751 153
795 593
338 841
547 681
502 54
541 229
455 923
362 574
205 23
338 207
260 177
390 888
814 194
15 781
335 333
380 86
486 527
31 824
368 931
857 222
985 750
451 440
674 166
367 879
189 57
438 449
234 829
338 400
375 353
181 711
686 913
149 525
441 181
349 809
112 207
384 449
957 187
241 631
353 960
863 543
17 301
992 604
482 682
4 858
35 538
921 74
451 70
599 244
603 948
406 67
507 790
516 465
977 758
448 331
70 663
874 440
317 218
44 151
901 400
361 288
290 282
362 94
705 961
338 308
262 744
376 769
886 244
586 864
354 387
195 425
50 421
865 719
639 261
871 892
661 584
181 304
219 543
398 924
857 736
584 119
833 312
240 71
909 179
935 263
566 482
40 968
255 905
40 895
518 263
787 532
847 320
836 66
864 234
342 73
322 279
544 507
943 784
579 852
315 514
116 233
349 508
202 604
414 594
851 932
857 991
464 56
311 652
475 175
886 817
600 561
448 144
68 392
929 647
244 596
514 712
830 215
221 384
819 987
978 671
271 835
662 88
243 325
740 718
501 979
888 101
540 336
598 608
80 527
608 677
475 474
389 305
689 962
689 508
301 19
531 573
206 545
661 450
871 753
168 724
732 56
177 272
745 775
233 825
654 841
502 130
315 244
435 356
558 477
864 860
496 748
785 703
293 798
153 164
551 673
888 284
82 66
908 827
193 141
4 848
334 859
978 1
103 765
357 13
242 574
873 91
674 658
794 967
456 299
132 360
972 372
996 54
790 904
233 984
398 238
832 84
449 162
86 552
927 795
917 522
721 791
613 395
801 759
715 610
58 199
970 30
571 318
437 714
574 22
698 972
612 882
409 61
44 847
965 323
642 883
845 716
674 458
111 827
569 826
437 627
25 759
10 949
77 799
663 652
821 713
976 434
595 385
495 991
232 461
314 227
696 160
943 370
970 406
549 540
585 987
519 962
98 529
911 176
328 926
180 150
639 156
936 586
542 431
577 126
244 244
353 940
756 296
662 78
703 212
970 288
551 490
250 649
371 514
825 700
440 5
202 432
514 490
370 56
273 300
182 518
544 536
810 652
184 825
730 239
389 701
879 940
543 130
589 914
996 767
614 788
124 168
220 638
658 943
46 932
243 581
802 139
469 964
791 653
789 521
893 530
574 124
470 117
606 412
32 602
179 998
391 655
519 963
646 177
258 692
461 501
625 615
640 94
932 783
100 73
305 345
604 231
469 74
349 76
838 381
678 369
731 421
25 250
737 671
780 995
715 241
497 341
209 489
435 493
273 887
566 930
232 522
161 702
949 510
778 787
243 456
157 975
878 182
225 967
205 5
962 272
599 811
613 160
301 401
653 926
288 571
856 521
94 17
223 43
880 353
830 123
809 339
450 39
873 676
6 78
33 321
703 984
132 668
144 785
69 149
711 710
721 567
583 815
937 158
210 169
511 40
644 672
732 95
712 605
123 70
36 508
391 739
493 876
407 989
661 829
139 373
539 860
292 474
27 581
632 237
750 495
629 747
167 361
194 231
967 669
302 3
177 45
742 22
921 501
12 935
330 151
308 221
11 952
695 38
534 679
275 636
526 256
383 694
618 577
925 937
246 579
940 424
977 34
446 250
887 458
185 218
961 493
439 972
446 487
362 332
518 637
968 45
894 352
91 864
281 368
801 528
300 93
304 277
127 102
879 14
913 65
584 874
910 376
847 708
215 561
40 733
199 9
130 445
713 573
661 994
942 462
522 594
555 178
223 34
281 102
400 194
167 985
420 78
713 619
138 928
181 179
13 380
188 144
177 253
69 838
247 11
652 122
957 559
300 180
593 581
283 993
127 802
330 548
232 43
167 371
971 348
550 985
80 90
481 609
343 550
799 942
914 803
64 223
362 365
404 955
298 39
301 778
841 983
678 74
27 845
797 350
546 347
687 978
789 520
940 484
423 739
426 689
543 843
912 905
560 316
213 210
707 514
988 549
849 666
975 876
864 772
579 410
471 266
740 260
139 680
96 562
420 874
251 315
717 163
572 277
832 785
840 539
651 828
88 501
847 415
729 711
187 308
473 10
927 213
622 66
246 718
628 666
593 879
333 310
394 905
940 226
691 780
118 694
960 558
195 807
974 925
518 513
585 343
524 512
557 146
578 803
217 558
821 810
789 506
472 184
411 764
762 454
896 880
149 857
791 344
664 765
621 535
278 207
878 154
719 787
653 650
942 870
208 115
32 998
621 504
534 33
269 648
487 165
881 988
374 672
333 391
789 306
926 419
513 156
574 585
944 579
587 238
449 795
354 481
145 975
337 31
8 958
32 848
476 913
836 850
937 521
241 726
828 167
497 693
676 71
630 972
2 217
210 451
365 564
284 862
540 974
894 900
932 926
748 408
191 937
259 128
458 500
206 638
20 703
332 48
127 314
20 129
532 230
933 897
147 569
759 39
543 5
939 476
283 40
884 474
977 495
954 787
348 160
426 720
864 110
768 343
424 788
472 308
370 757
557 869
327 669
908 870
674 200
346 958
592 583
784 921
78 739
708 426
251 134
146 115
596 266
810 21
406 283
329 129
40 887
998 719
556 259
590 582
459 936
892 51
871 677
972 950
768 32
728 19
519 227
487 115
493 297
136 900
932 818
29 325
57 379
44 965
638 986
547 449
923 792
852 146
821 176
96 589
209 177
960 728
404 447
843 897
97 332
149 381
150 530
706 207
910 103
172 900
89 71
702 364
863 554
511 684
731 959
625 292
136 586
372 540
385 567
790 834
899 939
216 401
470 274
960 732
729 484
632 819
908 686
535 771
241 398
808 324
358 785
968 846
371 340
387 109
259 177
295 159
468 511
912 290
138 873
22 867
709 7
38 617
693 926
741 286
324 549
610 34
334 578
881 58
270 620
519 530
149 814
41 617
678 953
908 168
178 282
35 888
641 426
505 335
352 598
973 28
147 584
63 834
514 944
244 137
564 115
19 713
929 60
682 959
365 942
127 544
225 515
784 218
941 641
905 645
240 879
673 739
815 736
925 681
32 521
818 948
636 837
13 918
249 696
877 615
638 5
511 215
520 647
434 813
640 339
458 232
218 483
972 385
572 249
67 956
771 885
905 759
75 918
677 676
966 555
643 605
912 506
172 432
153 958
597 146
298 407
378 868
890 350
254 814
952 673
771 723
910 28
482 985
946 512
14 913
67 657
870 331
164 42
115 669
353 712
815 651
119 546
871 361
248 477
176 200
150 299
275 413
327 758
398 625
622 764
538 689
422 760
20 938
803 135
959 508
199 127
159 318
673 382
31 921
212 559
122 714
858 397
127 537
507 878
163 129
642 53
170 416
814 542
706 969
29 666
477 228
793 988
898 818
370 930
739 582
489 213
649 700
963 776
237 470
654 752
952 297
806 122
65 620
17 772
589 46
438 66
275 583
54 173
401 776
455 492
711 297
706 360
997 669
136 586
491 143
691 795
792 497
270 857
469 287
629 58
333 419
476 960
354 882
134 107
10 941
600 721
238 658
433 235
679 922
174 170
65 865
318 857
714 588
714 183
875 696
241 560
115 69
521 470
303 7
577 313
948 529
387 187
187 820
774 218
742 948
741 159
165 59
16 879
647 83
62 522
779 655
434 246
724 955
68 379
962 998
693 911
527 80
450 67
252 224
285 995
525 26
506 690
437 523
922 84
958 984
958 89
992 393
335 68
348 756
448 663
754 141
926 281
573 376
700 825
952 986
172 829
364 679
872 802
554 794
238 864
130 549
953 122
942 640
543 642
396 991
657 150
484 583
784 57
311 484
234 616
822 759
445 187
438 317
341 344
463 931
208 594
480 513
68 774
153 611
417 550
954 426
52 438
362 836
847 673
321 82
289 143
841 87
682 631
756 375
327 220
307 535
166 787
400 586
562 553
550 331
455 504
109 508
943 471
696 790
145 17
224 786
513 417
225 195
48 982
571 375
554 878
262 720
17 14
658 931
568 208
614 375
713 724
235 8
195 932
150 692
949 375
831 462
792 56
10 193
390 581
920 944
811 535
16 828
549 27
112 469
235 726
197 948
450 432
956 646
716 107
690 18
834 521
480 978
930 842
523 320
423 796
617 586
331 985
767 232
12 879
54 248
605 603
548 56
387 857
54 104
316 744
122 150
266 954
480 196
797 4
868 572
800 485
159 483
471 278
67 835
157 473
83 762
76 984
170 464
841 576
568 157
321 690
659 939
996 139
487 793
495 355
718 647
193 229
130 16
507 198
851 664
671 287
778 100
271 301
564 464
877 132
973 198
174 632
489 522
123 976
316 619
684 386
266 229
615 397
245 474
947 448
490 970
87 268
70 710
921 986
174 799
470 147
349 996
131 839
519 255
167 835
874 851
573 140
80 540
889 677
14 188
478 504
511 917
124 933
628 46
920 154
845 742
654 194
739 785
385 258
40 553
445 266
404 18
759 837
558 648
866 924
189 696
428 52
614 904
985 242
950 257
396 147
0 402
694 739
188 79
997 228
632 794
847 389
812 606
578 722
606 444
646 795
141 426
847 107
330 185
349 633
442 97
780 794
500 474
533 40
554 882
620 538
676 467
927 840
73 505
562 680
302 208
827 795
986 27
902 317
564 603
950 6
52 730
153 904
557 38
944 463
921 565
1 949
384 281
142 810
786 704
842 440
265 669
587 251
48 489
920 612
444 870
971 497
953 124
753 510
162 698
973 435
615 326
737 351
607 879
161 746
583 3
538 200
25 126
804 73
967 724
38 412
595 9
261 548
485 14
410 647
64 735
435 31
61 172
383 21
51 896
119 986
900 657
539 925
783 343
350 751
67 740
163 14
749 776
914 234
142 324
234 207
411 669
590 825
193 973
846 244
222 965
582 122
622 121
399 758
464 101
509 884
842 24
250 943
800 165
178 942
841 764
501 605
785 92
430 978
417 276
222 639
593 156
113 567
278 512
325 94
614 186
330 808
562 581
751 714
98 281
657 291
45 510
896 830
954 326
160 724
954 734
363 899
891 829
467 521
341 144
615 307
683 298
467 245
231 219
960 329
500 969
972 898
479 221
80 786
547 241
510 854
975 225
105 218
54 924
739 748
69 707
407 104
5 875
349 236
94 661
917 594
630 889
492 462
110 573
248 10
166 110
216 493
335 321
712 390
246 451
138 667
158 897
771 515
772 472
751 866
134 20
813 764
910 657
578 372
582 178
382 748
288 950
594 624
272 306
366 870
109 856
889 620
753 12
135 526
484 239
744 618
259 909
735 169
919 665
542 501
844 276
602 132
227 196
108 851
854 474
73 963
682 962
583 436
974 719
314 810
958 410
781 217
320 516
739 239
533 633
92 377
261 46
862 840
242 322
691 448
149 116
412 831
78 995
267 404
66 933
215 376
344 996
594 16
864 685
255 397
318 699
127 931
746 341
772 340
663 463
789 812
580 201
644 10
548 263
767 615
197 982
991 893
330 937
909 546
622 164
943 292
863 422
576 961
763 348
302 427
163 91
239 95
292 235
106 840
499 873
807 696
207 799
941 537
88 850
83 63
14 378
707 229
153 283
191 916
631 493
695 795
936 935
890 228
170 348
420 21
573 228
69 780
379 10
669 467
860 104
882 226
835 590
808 988
873 999
256 505
844 952
652 132
239 894
360 761
243 132
783 816
712 852
949 443
863 618
911 723
75 145
302 910
735 110
898 609
461 506
466 657
458 118
789 697
12 501
459 607
633 594
424 698
446 725
141 661
343 404
737 770
550 39
680 285
149 930
894 962
437 712
619 247
830 408
945 195
909 756
802 894
702 578
592 148
303 734
162 999
138 899
769 688
290 802
974 439
732 220
753 521
933 372
769 115
132 66
662 393
174 465
287 876
395 880
376 51
966 538
50 456
437 171
145 727
973 471
518 58
43 271
579 328
995 700
444 127
766 106
520 292
923 808
168 319
40 545
722 358
83 772
814 873
295 311
600 621
782 471
679 178
94 610
506 90
311 302
217 429
409 90
722 684
898 242
355 290
787 77
0 871
201 814
96 497
478 696
118 612
519 149
790 614
759 297
704 422
599 273
204 360
363 278
397 613
520 752
903 308
830 255
531 383
70 627
880 900
675 350
512 195
499 303
809 259
952 865
33 903
138 237
264 502
515 661
115 388
765 371
696 947
626 579
331 48
558 211
948 233
562 461
780 61
116 941
672 68
806 706
323 945
295 939
799 163
952 914
551 718
637 599
665 264
530 996
664 88
560 613
673 474
426 454
535 894
747 560
314 554
266 637
851 913
577 650
76 529
916 627
247 554
578 265
170 108
261 834
196 173
799 870
647 577
676 183
471 423
95 785
329 713
423 180
626 352
182 703
881 99
682 481
5 261
746 175
369 359
361 918
533 161
788 180
738 816
715 562
591 810
347 921
875 122
453 502
474 636
557 708
87 591
189 92
852 287
619 574
646 980
492 179
493 632
712 584
800 779
146 391
942 845
312 817
320 118
319 146
754 228
854 193
820 395
637 24
682 256
950 681
588 794
212 434
426 924
370 578
704 868
970 998
65 634
815 385
752 487
884 858
715 90
51 887
486 40
264 520
648 214
201 589
9 414
23 787
690 745
718 746
613 688
744 678
674 912
416 779
399 300
989 466
390 393
706 228
433 970
749 82
536 302
671 897
68 46
37 759
791 755
857 404
795 602
82 469
514 850
600 265
150 590
731 541
983 789
769 416
759 870
850 648
173 873
545 241
919 582
352 62
337 210
466 132
164 901
954 30
751 554
295 902
496 378
795 479
520 916
248 279
787 450
279 312
324 825
905 595
759 258
658 97
820 476
581 984
377 887
366 481
794 13
735 290
391 882
122 263
798 722
895 937
172 174
249 848
999 155
444 759
413 102
208 233
578 141
569 308
29 935
141 175
948 876
465 691
758 939
955 908
661 850
846 186
24 95
34 376
250 830
487 15
932 695
600 863
188 169
523 569
456 664
744 756
892 210
448 2
501 755
910 163
957 108
701 333
204 735
709 806
566 196
174 850
243 774
65 784
296 940
353 104
604 98
861 848
660 661
850 161
416 113
324 725
221 25
58 777
113 768
584 31
316 758
233 912
884 651
696 532
591 49
637 548
499 498
396 159
511 599
321 279
712 997
4 285
375 62
63 488
182 999
871 851
109 104
115 993
755 163
526 699
564 515
247 64
365 995
223 876
594 544
155 306
894 511
592 269
925 7
757 108
6 628
311 115
84 426
108 192
941 986
243 505
501 490
569 866
485 145
94 432
41 249
90 935
760 34
204 686
41 313
146 47
293 809
514 378
587 975
922 528
961 165
33 815
7 603
33 844
748 128
276 789
729 367
77 842
401 281
880 443
595 378
842 888
187 357
618 774
332 892
302 645
57 687
812 416
642 198
261 390
326 889
532 407
256 961
249 10
242 481
805 189
859 999
430 398
356 48
172 40
941 826
38 350
514 202
119 508
400 380
251 726
269 783
486 878
96 87
888 338
569 45
880 780
44 310
179 753
358 703
793 651
530 183
354 396
386 473
904 786
205 155
865 474
290 703
704 738
790 944
77 711
989 957
492 34
267 671
787 977
374 932
981 256
468 335
4 206
808 261
992 13
768 209
839 411
264 896
149 55
840 578
766 182
535 610
568 154
633 707
484 360
991 465
616 459
800 973
665 960
586 10
325 354
571 516
765 836
412 267
243 605
845 9
787 733
972 355
239 605
62 723
965 405
188 934
865 340
907 882
300 493
892 977
199 816
494 317
652 258
584 247
863 781
608 2
514 580
357 106
186 771
829 503
529 370
437 394
710 696
276 363
541 521
692 741
689 186
410 341
445 994
940 660
127 548
663 994
129 372
100 667
496 281
170 25
651 608
771 714
304 47
429 846
920 121
939 609
308 349
302 105
695 242
117 822
791 780
168 272
505 268
939 1
550 109
378 553
69 149
267 726
548 696
924 469
818 863
430 478
564 733
935 611
327 52
785 470
185 954
742 690
574 681
43 124
143 773
678 564
922 297
290 470
994 214
291 812
429 722
642 345
807 577
956 134
981 742
605 166
48 347
208 622
381 603
747 876
376 777
440 298
74 731
121 68
297 412
232 79
486 226
776 293
803 733
428 137
827 385
655 875
732 864
497 465
819 596
341 196
373 134
846 800
865 319
220 514
84 805
945 570
31 722
864 835
807 644
972 986
29 979
861 113
843 710
931 15
307 272
563 32
406 409
832 623
81 405
490 165
210 787
735 241
861 951
428 668
595 752
654 976
732 867
90 927
578 373
942 885
645 505
269 404
267 454
379 348
859 221
513 421
9 248
662 870
200 443
891 147
195 897
124 279
765 566
207 695
291 149
932 936
7 201
692 274
655 424
974 866
645 487
287 6
87 302
229 639
745 472
139 292
369 263
572 486
181 131
181 472
632 465
760 639
667 805
265 674
581 239
541 578
726 180
585 166
482 166
805 579
638 944
872 359
559 796
198 92
927 731
916 559
197 29
199 216
186 464
890 767
56 783
345 134
964 282
300 798
448 458
378 438
754 602
150 666
398 700
110 325
783 27
884 980
408 83
548 594
900 791
713 956
574 410
442 890
693 743
689 493
553 419
284 307
21 434
973 419
486 436
96 269
815 980
602 223
416 150
169 316
941 234
624 868
644 66
758 337
161 799
831 714
570 467
374 591
901 699
362 739
135 458
8 950
791 610
173 207
113 694
875 54
928 851
922 573
917 33
262 431
832 445
145 403
912 871
346 165
571 61
904 706
871 265
9 662
875 534
221 340
229 96
395 509
947 669
434 217
702 697
648 887
494 145
642 407
17 340
924 940
401 181
646 273
446 655
287 673
190 509
14 771
957 761
280 257
782 715
474 485
764 474
724 258
619 718
17 988
58 294
928 460
475 927
85 273
934 724
946 476
585 312
247 543
425 880
800 208
947 626
45 63
452 769
321 71
487 691
412 897
985 692
357 812
619 794
85 906
519 383
382 104
48 982
999 473
214 151
681 161
777 726
224 581
847 897
653 686
940 417
584 925
109 293
89 81
88 174
987 607
910 721
63 958
55 63
783 269
566 465
782 696
543 358
277 743
608 282
429 548
699 365
474 161
659 915
242 747
90 581
706 352
654 121
310 62
536 93
331 103
910 466
799 806
824 76
549 432
711 330
333 410
696 807
923 355
74 517
454 164
98 512
868 105
985 178
167 522
624 850
625 886
316 776
692 493
204 241
277 915
924 610
678 620
769 601
327 844
119 133
360 569
645 229
674 982
759 193
504 735
44 481
622 712
257 666
205 814
260 835
729 184
445 407
156 215
361 483
411 480
616 771
49 613
352 76
595 112
269 452
847 665
933 821
378 543
488 935
357 100
770 438
284 216
846 440
783 559
275 194
39 243
317 440
856 670
516 803
782 138
255 981
803 541
155 533
84 995
469 793
95 239
231 731
807 429
171 590
988 446
784 27
689 102
468 897
124 336
52 906
474 660
239 630
201 394
163 637
741 632
430 836
224 661
567 31
443 90
974 431
888 110
459 929
564 279
826 688
615 231
946 442
891 186
72 444
932 587
433 674
572 215
510 796
228 430
179 671
520 153
103 409
264 914
338 828
193 517
517 160
748 463
954 991
1 378
787 934
966 572
608 538
787 470
334 367
900 865
39 773
19 142
182 283
408 872
463 953
389 980
465 489
796 420
832 797
798 971
83 116
895 43
6 34
514 692
402 766
558 793
539 577
287 73
860 695
946 323
648 687
656 113
529 804
885 713
953 36
685 37
152 932
80 159
967 946
851 721
713 409
514 252
338 801
326 550
848 272
226 496
311 882
961 840
38 847
554 991
235 591
380 739
523 461
898 842
407 102
915 472
863 429
725 554
582 403
104 430
27 330
278 338
564 240
179 602
439 85
946 674
676 326
413 551
139 664
746 547
118 661
371 333
443 96
887 25
499 992
456 526
322 734
865 239
326 396
841 765
481 787
439 509
466 205
412 605
869 158
504 339
172 876
672 615
972 560
640 824
904 448
702 578
535 919
817 861
667 11
979 500
150 770
9 616
975 774
222 196
284 78
535 456
954 208
423 279
120 416
103 24
864 157
602 751
77 772
613 744
783 592
245 933
362 606
902 690
380 476
886 665
554 774
473 509
982 897
788 454
313 243
830 529
400 784
281 829
556 246
574 691
190 171
625 904
777 879
946 510
355 833
527 909
959 352
418 293
249 558
747 914
801 577
796 554
361 429
383 270
27 309
961 217
832 586
473 962
465 420
824 172
605 351
82 564
703 500
857 305
411 956
571 564
885 367
118 246
796 854
516 823
515 478
392 348
416 218
662 234
990 486
406 595
837 840
511 892
693 720
549 104
28 121
668 913
488 787
159 637
993 28
460 508
858 205
208 626
423 870
860 413
708 619
360 897
459 223
142 152
943 691
608 971
812 277
236 653
416 395
290 409
775 102
269 633
307 830
612 82
52 472
495 761
443 207
658 255
430 800
759 725
844 368
48 656
645 284
309 61
32 599
822 807
702 91
793 361
273 405
444 326
229 291
87 25
499 97
280 281
250 39
7 94
407 407
102 404
692 412
817 76
363 639
235 417
83 28
131 356
785 575
682 367
218 121
392 717
219 24
351 821
63 710
915 823
117 369
579 161
781 397
237 497
36 473
266 119
853 397
476 639
972 510
6 543
632 750
612 203
774 963
24 189
673 291
364 143
660 944
304 794
341 542
643 729
367 909
201 220
307 677
859 631
539 217
174 171
319 787
374 93
102 750
635 776
393 999
271 406
295 575
552 988
469 195
718 836
104 919
57 763
948 268
395 487
838 921
11 157
60 737
603 163
840 238
291 233
589 562
639 885
137 191
873 607
386 591
443 843
862 852
606 162
121 353
650 959
275 13
116 335
750 71
850 590
309 141
824 899
703 815
136 193
359 9
800 97
953 595
940 167
800 899
330 921
604 332
232 879
345 700
567 95
772 417
38 433
911 214
332 614
29 820
807 740
182 959
838 135
907 130
654 707
381 984
628 986
316 212
217 13
912 136
461 684
554 499
118 817
713 802
431 94
623 591
835 805
550 25
292 809
507 298
516 889
283 496
875 951
708 444
965 621
581 426
305 487
277 775
304 342
578 735
436 553
678 623
710 229
0 2
390 508
652 907
749 935
755 624
239 464
68 556
437 1
334 94
488 611
870 792
953 800
528 741
353 206
717 63
787 69
417 530
577 69
437 326
357 544
302 948
360 723
504 797
724 838
892 565
801 114
357 106
914 237
199 619
796 268
34 935
338 803
465 267
872 254
946 581
799 600
529 159
675 385
957 400
223 201
317 376
667 674
482 581
912 682
552 708
302 586
643 640
389 461
908 613
715 206
547 514
806 428
26 482
814 983
234 37
536 551
414 203
577 248
136 489
282 40
549 585
626 545
225 367
6 485
332 721
43 231
588 850
660 614
684 474
949 918
863 837
821 277
40 398
878 528
240 160
568 789
97 546
686 675
913 44
512 597
118 556
829 706
406 489
672 90
315 621
360 178
458 181
808 850
579 686
730 819
198 298
961 296
844 647
971 109
44 483
58 162
39 239
868 797
728 540
239 43
513 951
222 323
132 382
525 64
68 255
235 266
905 548
914 749
548 237
210 592
721 620
754 112
860 622
262 588
514 853
984 379
805 558
54 937
940 579
353 360
834 589
626 739
489 893
840 37
130 402
629 851
22 383
316 882
357 930
823 871
783 807
602 588
717 656
878 9
587 231
369 773
172 347
512 662
240 704
699 371
458 329
574 481
64 242
715 422
172 538
645 956
697 248
544 414
256 422
775 844
6 144
617 178
492 482
192 732
538 892
455 997
573 30
830 637
624 545
411 797
84 57
753 133
657 649
900 913
72 675
109 78
820 727
608 312
561 801
396 99
45 852
96 970
234 278
959 858
824 371
7 260
780 760
393 437
762 293
702 186
321 812
264 141
891 224
805 452
377 201
551 774
405 0
744 991
278 56
202 454
779 209
714 559
322 460
348 84
753 50
270 426
214 886
567 105
462 372
557 840
926 461
614 683
813 711
675 91
767 877
546 546
86 612
457 760
72 805
844 178
855 114
604 70
352 172
527 815
896 85
7 174
898 973
858 711
684 885
154 803
762 52
701 200
665 158
961 737
315 157
267 523
624 872
945 976
396 472
143 644
909 150
171 807
124 381
870 160
266 25
964 380
77 17
580 94
528 893
184 843
51 451
366 675
675 311
3 71
136 147
68 45
297 239
205 773
620 75
934 886
452 898
266 882
267 198
976 795
444 512
639 847
964 357
522 639
21 877
63 157
24 131
202 674
370 759
447 342
835 381
228 639
631 846
521 899
396 850
46 192
362 37
39 678
395 913
670 416
791 733
925 167
216 479
841 938
239 641
280 426
374 860
65 6
58 939
257 806
789 303
999 503
341 390
182 88
656 204
856 447
289 781
966 505
260 160
443 499
801 75
925 175
287 991
533 345
282 142
503 71
446 854
926 139
597 460
579 253
664 435
52 953
216 18
458 828
178 253
328 331
680 605
507 967
948 392
664 230
535 520
653 333
374 580
824 971
40 403
576 57
838 628
10 406
647 821
234 825
426 562
157 107
168 16
426 468
760 443
699 295
963 352
980 689
932 804
661 325
207 589
382 397
218 744
803 865
565 38
42 344
952 551
803 472
919 229
941 680
672 640
975 987
344 956
677 277
112 690
954 320
279 336
717 497
432 521
714 998
911 757
694 863
660 497
336 580
726 277
260 751
269 587
738 613
543 767
242 8
457 196
328 737
884 397
586 317
270 301
667 181
58 361
45 718
210 733
298 936
10 910
39 631
498 130
244 393
897 839
401 355
35 81
444 272
479 30
589 749
331 608
931 741
969 328
812 179
61 462
467 423
725 859
54 223
989 650
616 238
489 370
945 877
451 741
149 930
772 738
32 455
346 963
549 667
643 713
198 704
175 17
479 900
876 533
475 217
535 444
808 377
814 753
254 265
495 403
548 619
493 580
426 191
895 975
858 538
688 408
594 216
425 73
468 654
958 296
871 493
740 679
870 554
785 476
171 632
879 71
251 724
3 677
915 898
5 125
788 45
533 734
613 959
807 434
613 117
730 836
963 470
868 185
376 5
662 899
637 893
971 240
618 974
269 533
225 274
659 365
672 192
452 285
503 259
719 468
729 449
305 692
271 525
877 999
530 539
899 167
433 222
759 403
196 28
936 773
655 595
491 327
140 943
964 995
554 684
464 283
485 121
975 109
646 205
108 176
96 7
695 881
229 454
284 778
834 221
903 841
168 394
520 660
689 485
656 244
521 120
879 358
241 207
467 887
412 576
415 508
935 462
742 165
268 26
295 102
247 198
944 768
945 464
428 634
301 84
230 822
204 110
181 797
317 0
684 81
576 451
941 864
913 683
381 181
710 676
636 309
874 932
77 171
748 506
158 50
590 388
224 147
498 405
944 167
758 981
248 686
432 190
550 698
873 931
231 935
607 867
245 834
799 322
357 548
828 515
950 771
904 174
918 754
932 214
922 690
195 522
376 980
712 927
678 938
210 261
873 818
129 118
4 280
793 361
180 621
877 130
744 133
657 14
887 589
229 161
279 424
684 7
756 396
286 786
686 497
48 912
667 529
30 23
809 823
384 342
797 613
824 541
98 481
556 986
70 137
147 701
913 831
709 670
580 995
456 618
844 856
530 863
385 913
886 547
88 623
889 237
588 713
131 687
195 39
673 617
176 172
319 89
356 28
759 288
375 568
906 572
424 789
435 810
702 322
357 142
945 598
380 533
311 511
572 858
550 597
476 726
770 795
167 478
175 927
766 550
847 24
474 271
165 910
433 867
232 142
362 529
740 742
414 404
253 987
262 155
584 738
233 706
533 400
184 708
679 302
611 526
679 85
150 844
347 935
64 931
78 426
460 170
168 227
574 773
214 837
280 798
575 513
857 461
913 41
521 593
696 132
471 375
570 621
571 269
557 635
201 987
61 661
157 581
240 732
706 454
921 338
605 848
851 462
309 117
855 831
62 551
315 533
278 237
507 850
507 64
485 708
403 899
721 560
832 962
644 891
768 917
229 373
766 81
187 427
550 395
610 612
946 926
145 577
515 652
427 374
68 264
82 823
515 156
736 700
470 380
591 590
650 820
316 768
253 503
195 155
898 806
767 197
84 913
126 599
917 905
326 338
169 408
161 37
916 897
737 738
630 328
329 632
500 645
400 106
500 595
261 751
753 29
300 837
294 426
789 563
331 115
253 852
875 415
889 144
664 978
882 294
306 563
926 159
560 326
617 413
274 878
164 27
259 816
217 905
242 6
821 925
473 74
129 700
489 19
844 154
349 79
800 656
994 79
167 555
757 784
968 383
14 484
411 274
300 628
531 894
986 352
171 811
427 300
511 268
671 708
774 21
787 575
29 781
6 196
688 115
332 8
499 346
844 910
972 496
890 504
742 228
208 913
39 635
566 902
904 589
610 30
962 749
605 991
883 963
539 571
79 871
932 578
570 128
840 542
625 82
398 367
662 607
633 701
594 551
955 850
140 566
881 103
315 838
446 198
802 986
122 233
209 406
163 779
534 3
674 159
437 72
879 99
31 864
152 626
767 107
476 907
25 357
362 341
548 161
891 350
147 365
935 708
771 98
840 306
453 514
465 890
938 696
341 970
912 493
596 679
952 424
939 978
134 301
671 682
462 562
384 961
280 319
22 51
417 862
357 870
728 175
760 666
223 453
636 136
946 584
815 898
9 754
228 495
408 899
177 222
814 561
536 94
880 558
145 649
420 855
519 148
30 631
166 253
84 803
389 382
739 557
280 100
311 509
595 71
760 772
294 574
685 830
668 565
740 166
214 512
21 85
12 51
716 178
656 152
333 398
534 73
955 815
173 618
676 769
690 788
893 984
363 579
166 383
496 906
549 63
770 922
148 782
325 217
960 982
369 294
380 904
719 687
71 892
305 99
13 995
887 907
331 250
838 849
986 334
107 535
397 877
810 546
659 135
763 620
117 484
266 849
388 985
536 459
229 842
558 243
189 798
150 873
48 988
722 34
674 830
922 72
707 732
970 719
867 85
691 337
569 309
186 958
294 75
769 523
917 680
118 458
478 620
331 878
960 54
265 635
236 187
59 295
271 29
14 490
466 57
827 35
366 366
345 12
441 467
888 710
499 6
520 977
627 852
207 939
258 472
574 494
11 633
789 634
14 156
125 480
213 304
868 580
22 213
592 815
32 480
525 531
839 398
860 818
250 68
757 508
892 332
354 256
317 143
242 684
651 719
516 865
24 384
797 46
950 741
214 982
574 739
866 765
137 726
583 739
146 340
599 391
24 953
647 694
97 241
378 748
961 246
965 985
631 114
383 933
208 597
267 134
689 133
899 178
860 482
270 358
174 869
749 199
823 748
893 272
990 623
372 951
869 338
288 852
804 23
785 12
973 405
146 662
538 397
192 750
879 462
461 54
684 210
605 507
311 498
779 301
473 151
604 694
841 892
547 646
915 684
10 888
89 509
902 980
906 447
82 786
261 543
192 945
106 797
804 417
647 583
718 120
87 674
814 928
566 713
926 833
398 937
74 839
446 328
171 352
775 254
490 389
797 682
334 255
831 139
672 478
74 742
950 161
416 765
442 982
830 368
168 228
657 242
420 103
922 591
808 698
845 650
87 995
333 773
250 164
264 275
995 339
17 945
852 434
62 294
768 893
15 288
473 672
882 245
128 805
837 936
855 34
586 294
381 271
67 984
788 332
611 783
23 628
80 875
414 495
522 535
388 537
823 213
209 706
811 337
863 0
625 718
34 564
12 768
835 431
104 975
115 715
110 138
343 543
366 110
38 888
645 778
425 820
991 634
526 154
324 741
154 949
459 189
865 823
309 53
255 413
28 370
480 491
509 175
34 227
285 72
115 282
850 540
103 193
526 981
348 202
723 502
152 534
43 369
358 704
422 613
117 803
335 949
294 196
125 328
423 762
400 538
45 602
430 500
795 957
481 143
159 556
998 663
91 41
33 801
746 807
766 215
610 101
517 904
298 642
232 721
756 984
612 801
586 42
301 382
351 135
877 863
43 227
526 134
621 911
935 719
719 701
286 681
155 803
586 453
797 170
526 554
507 490
355 93
533 9
827 236
496 57
99 539
284 626
26 905
889 961
624 960
15 911
642 522
714 580
327 512
102 205
66 609
696 773
703 581
134 882
817 630
939 917
522 224
895 548
481 136
861 106
97 876
369 91
750 435
23 77
299 125
283 717
735 979
491 438
560 977
672 729
960 612
646 482
188 541
30 669
678 891
127 127
120 496
570 870
932 593
300 583
718 583
301 453
914 144
243 826
121 916
555 81
528 202
915 68
95 945
737 125
189 865
252 309
713 822
531 997
767 831
581 486
414 882
939 680
378 535
506 499
803 62
933 683
616 848
751 711
146 488
837 335
705 441
996 419
616 527
416 735
711 349
221 125
583 513
158 961
48 664
813 203
726 746
886 342
946 637
406 92
477 595
779 183
388 127
602 356
655 370
92 366
72 313
843 655
178 353
969 578
18 782
781 96
528 667
791 826
656 197
271 134
144 50
317 532
530 271
241 185
993 333
903 65
998 98
73 177
452 42
107 822
176 889
918 704
908 709
882 565
258 153
699 402
556 16
287 86
639 528
623 632
213 878
50 211
328 475
740 132
869 848
954 45
737 225
101 645
286 983
210 545
137 261
299 45
277 586
131 268
466 754
901 679
984 303
243 312
778 983
445 647
831 751
692 920
976 793
918 263
128 480
160 265
742 459
310 371
398 793
640 864
899 541
896 883
196 139
196 974
122 641
973 306
744 17
226 721
162 144
984 290
625 496
908 367
955 570
90 705
364 730
922 263
623 818
499 819
957 695
145 431
688 118
737 432
135 316
505 649
460 489
940 437
985 200
156 293
770 247
998 486
329 920
102 953
90 601
124 47
296 270
831 336
388 568
120 876
884 626
877 697
467 817
134 805
17 643
98 140
242 448
626 571
369 728
524 459
681 649
859 329
919 690
665 659
610 786
887 847
764 765
896 231
934 382
36 304
25 134
444 267
583 422
839 304
151 715
115 184
364 326
514 635
368 179
647 979
317 534
178 81
651 74
313 586
456 349
242 482
836 686
101 771
460 940
427 963
656 542
148 372
221 662
8 589
841 655
920 511
541 450
592 193
524 257
131 981
607 373
815 795
411 268
566 871
209 993
835 217
887 983
941 460
645 949
50 838
956 322
349 498
773 294
43 649
551 526
982 510
899 149
305 662
418 223
885 979
568 72
196 456
55 489
916 52
439 318
243 747
993 944
597 118
238 640
767 790
518 750
652 769
899 958
431 669
533 669
648 102
741 196
558 797
686 826
201 477
497 796
224 842
741 822
960 331
814 727
473 333
829 126
454 81
436 886
750 969
907 399
71 648
595 981
797 281
808 999
758 657
147 335
499 888
157 459
220 323
538 693
8 720
171 463
801 607
701 551
577 608
302 648
608 898
982 406
531 142
757 642
799 904
977 650
145 486
109 717
809 999
762 170
719 934
985 520
541 38
424 470
998 726
471 606
976 453
12 508
595 769
150 746
674 479
396 171
965 505
888 126
856 650
648 576
584 633
448 478
23 224
948 21
951 771
628 279
224 992
139 171
762 641
917 788
120 313
959 85
170 199
564 27
849 212
955 786
198 755
264 221
980 564
595 283
336 575
562 912
567 702
84 681
343 353
821 464
667 132
901 189
331 817
216 181
30 523
967 580
279 583
801 259
147 748
542 483
323 456
748 891
158 184
572 854
537 746
318 204
878 571
394 210
389 962
743 771
838 62
351 117
645 504
728 144
253 622
980 576
78 728
819 237
912 392
443 449
138 761
6 368
684 400
578 425
714 673
196 552
735 899
21 732
404 749
877 657
723 857
585 802
585 405
391 497
149 834
298 639
947 304
7 631
56 938
57 123
611 605
675 699
505 49
431 909
150 308
918 874
517 855
676 102
260 419
951 761
253 602
400 552
906 760
535 315
698 944
438 661
550 465
712 55
866 144
316 17
804 586
891 674
793 919
128 406
338 432
167 943
34 920
847 292
680 382
959 730
327 397
743 877
215 456
284 81
952 952
450 108
890 341
782 683
612 911
441 302
695 609
245 729
529 444
21 561
827 981
643 506
730 386
735 297
194 371
731 146
323 181
607 565
875 741
600 839
4 42
142 699
3 739
428 884
184 802
445 363
135 440
869 217
826 604
867 21
975 598
519 650
131 478
215 358
220 167
198 224
209 692
924 212
431 704
448 615
858 893
978 993
333 847
563 512
803 430
885 778
380 756
780 863
235 347
574 455
515 124
31 76
816 955
641 247
12 89
215 870
983 193
216 668
393 131
532 196
913 417
327 293
174 107
508 409
455 82
216 322
558 247
398 374
555 39
622 567
129 837
789 464
382 357
484 775
488 17
324 401
786 3
46 960
462 907
721 917
341 937
239 900
185 990
274 92
29 248
659 510
85 800
326 820
158 811
947 998
180 271
400 966
626 798
927 89
705 0
358 399
938 950
299 475
940 925
567 321
174 578
832 611
378 510
431 888
321 379
887 853
2 639
820 629
437 99
70 495
99 428
246 37
378 545
864 318
470 431
640 644
361 824
608 740
334 39
980 8
418 867
861 773
506 33
754 296
132 824
143 232
252 389
621 631
286 486
301 756
269 293
753 983
117 361
75 804
752 55
164 523
923 25
296 781
59 50
429 543
226 572
775 478
313 397
461 599
235 763
708 856
408 813
839 878
526 266
682 278
322 846
801 597
223 449
378 634
499 160
178 725
84 305
556 398
54 17
349 289
132 409
498 541
574 689
419 100
956 453
379 630
651 532
227 874
982 957
861 833
117 39
911 554
344 467
304 751
836 653
392 969
415 890
862 989
932 281
442 240
86 173
870 737
705 449
963 687
406 824
873 876
215 784
430 912
251 734
663 87
739 55
408 506
298 270
496 230
903 290
470 989
463 692
78 168
141 42
208 547
866 81
775 434
865 205
346 468
291 361
555 383
416 964
889 66
586 737
296 490
27 118
831 490
810 910
11 303
952 219
203 170
652 978
956 869
536 654
337 827
15 892
210 784
208 452
850 147
189 499
637 217
617 468
59 780
730 70
83 682
641 286
205 293
617 161
162 153
816 499
332 183
744 543
967 304
995 170
451 536
669 440
105 638
261 165
418 991
235 854
674 229
492 231
522 109
392 37
262 560
888 595
744 632
490 711
289 837
881 92
373 902
533 479
541 794
996 311
785 231
165 811
460 10
42 335
119 787
372 734
699 260
329 443
245 171
507 886
8 740
978 733
643 511
564 184
657 560
495 795
144 13
606 956
23 1
643 494
140 15
228 839
628 909
635 225
432 142
111 792
882 89
526 525
953 442
61 962
355 909
757 499
922 716
455 297
69 451
143 209
466 724
400 446
633 35
671 66
529 134
210 412
576 88
289 881
531 351
843 886
260 953
737 534
669 192
183 738
995 678
299 462
402 699
260 36
87 284
454 616
418 664
380 994
753 670
227 636
373 71
522 633
24 259
519 693
803 54
783 799
732 82
613 135
133 225
523 572
509 329
189 928
345 569
274 450
591 502
86 964
925 960
949 301
571 820
994 727
874 129
878 959
563 843
446 696
68 969
621 578
650 810
858 995
731 484
798 675
986 236
639 263
197 941
564 120
761 910
199 988
39 77
947 602
272 393
651 341
714 624
271 716
434 129
711 517
613 861
544 952
98 536
215 647
477 780
767 238
690 967
226 82
396 525
36 669
918 39
362 984
663 633
700 449
762 764
967 727
625 863
679 723
399 247
722 876
27 490
467 69
809 693
151 205
219 188
226 489
227 588
826 891
221 526
340 335
642 659
63 268
523 94
343 274
341 66
151 720
908 618
790 717
663 293
274 234
833 853
76 61
441 902
304 15
780 996
702 423
8 765
43 883
212 386
157 905
804 660
626 712
630 768
781 294
413 408
880 247
261 956
660 54
210 964
421 991
312 124
414 320
241 457
203 805
195 713
711 0
373 689
64 4
457 198
650 870
606 530
469 219
839 129
625 49
445 47
40 758
171 806
430 764
615 986
570 811
699 281
163 424
322 227
428 779
425 430
1 383
961 471
602 152
952 228
201 398
627 594
508 798
752 938
914 368
276 484
531 975
117 694
400 439
273 180
570 51
611 924
786 924
395 389
76 347
969 277
97 596
223 605
746 976
896 660
344 172
497 227
148 966
273 900
406 546
432 328
949 43
252 736
967 999
477 395
699 446
25 796
394 248
754 492
224 650
152 920
822 1
499 322
968 772
222 726
671 7
54 620
50 659
708 370
658 185
765 357
983 142
506 729
391 260
221 967
910 726
240 84
727 739
407 47
512 981
773 183
988 180
155 391
839 864
113 849
401 230
559 737
373 65
466 764
677 688
83 939
766 323
23 493
415 782
893 279
764 18
814 104
198 969
847 389
185 960
591 587
191 150
676 916
567 142
680 244
182 115
183 948
439 558
794 206
341 687
485 457
57 299
913 608
268 761
997 806
721 940
745 264
90 421
180 657
915 212
253 98
680 436
398 119
347 544
677 688
583 162
145 641
461 58
249 81
171 598
239 245
539 984
509 629
405 42
639 321
606 892
771 286
681 521
757 28
66 434
68 649
596 565
290 409
975 539
843 147
138 82
392 677
419 253
658 176
295 649
497 902
542 620
188 575
142 298
955 208
732 23
857 681
588 500
90 563
39 285
62 529
720 454
206 139
708 217
315 355
866 165
257 760
785 798
335 279
96 642
839 180
665 697
861 605
197 952
521 588
589 935
118 309
390 676
448 450
893 116
805 112
281 415
872 418
565 560
698 13
202 889
193 220
586 55
177 135
359 698
76 948
986 194
610 376
222 410
178 116
526 335
228 159
750 452
578 667
12 628
680 215
517 226
787 456
281 964
943 992
15 19
292 1
565 902
729 788
665 907
256 191
242 484
351 345
288 281
12 301
909 45
868 778
271 655
234 904
971 178
896 986
197 540
339 115
795 68
903 460
327 159
3 570
995 354
267 283
635 631
936 896
676 804
675 299
811 261
203 783
439 451
121 989
344 461
456 139
881 359
951 209
870 954
131 865
309 398
500 296
29 437
545 58
593 572
357 405
833 913
540 625
716 661
966 60
122 422
199 4
133 502
565 3
457 696
220 118
446 72
766 475
861 311
885 455
235 595
212 69
508 752
46 576
413 364
637 888
786 188
244 919
691 809
274 148
857 494
618 303
566 384
130 428
48 368
235 283
963 447
704 823
199 750
399 964
114 388
204 252
577 448
523 620
609 797
120 818
643 738
121 562
122 604
342 522
972 577
806 935
376 510
758 927
613 509
891 727
898 448
332 827
896 855
447 858
653 919
676 296
657 150
210 131
754 552
654 726
129 460
661 857
322 771
784 935
280 676
15 530
124 347
357 372
202 156
582 207
75 611
504 84
761 66
568 867
619 222
593 100
34 606
958 708
377 742
996 9
770 11
892 246
358 601
971 912
758 553
120 185
164 976
622 277
42 190
144 661
764 89
114 150
695 72
858 424
166 854
786 937
217 678
183 927
279 154
840 389
60 960
927 576
288 549
854 330
91 350
344 207
440 810
357 487
882 567
912 48
774 698
337 343
728 521
271 7
27 111
749 439
423 676
16 711
577 222
393 20
572 89
227 364
899 584
852 133
503 116
182 629
814 871
973 542
392 244
901 772
707 2
211 130
678 579
193 607
801 938
627 726
380 854
442 279
790 294
765 646
410 947
275 576
818 248
470 563
844 724
687 551
726 250
33 405
830 578
364 983
517 992
709 897
198 152
528 341
798 293
987 561
592 262
489 763
863 312
678 707
36 365
611 762
967 644
519 797
223 884
781 92
228 842
341 426
346 869
767 497
515 106
410 459
721 251
222 584
563 252
643 599
969 254
362 937
251 881
86 826
765 219
918 993
62 259
772 760
480 891
609 347
998 19
807 719
271 381
655 834
634 298
434 603
905 796
540 508
29 627
334 795
846 252
140 260
863 912
373 343
156 982
43 154
2 850
225 625
231 880
811 865
530 245
821 787
393 361
295 423
340 981
570 539
233 62
151 448
975 524
144 483
507 187
989 861
37 214
486 620
446 297
486 328
895 659
468 640
372 115
415 713
97 985
604 682
48 755
131 375
632 275
858 491
462 199
352 851
413 190
471 211
839 957
539 734
616 359
375 341
475 142
54 572
128 10
254 528
117 385
903 749
660 113
240 474
312 944
325 77
134 797
288 974
106 179
60 75
539 787
416 366
930 822
938 410
832 192
938 301
930 193
51 942
306 643
417 970
588 742
399 74
891 687
400 998
218 461
73 109
600 841
475 882
663 413
292 847
958 230
148 888
423 199
830 81
195 599
403 135
694 802
209 585
489 962
935 60
775 360
521 375
201 997
258 864
762 902
63 72
133 212
960 908
411 143
990 958
94 393
93 788
196 655
726 37
617 661
449 744
22 971
119 575
320 729
792 434
632 855
507 117
67 819
25 831
962 367
789 409
113 235
197 661
242 923
50 211
937 500
955 311
823 426
238 495
156 30
929 140
238 436
609 305
256 634
488 570
354 630
979 467
865 529
480 107
804 530
318 741
382 273
404 557
51 643
52 207
25 982
699 263
418 308
921 26
295 409
597 1
39 928
820 256
457 300
363 262
182 33
355 917
658 112
474 710
755 879
269 132
861 321
396 631
981 317
658 628
726 255
629 118
535 801
374 993
453 90
607 636
475 314
553 134
426 379
196 533
258 817
666 471
138 62
103 472
731 761
100 809
368 82
927 903
883 654
248 337
96 855
325 571
522 230
57 948
609 253
482 220
423 500
691 913
914 794
385 645
907 486
806 627
920 734
531 803
740 131
492 836
987 817
407 509
47 817
809 9
422 643
229 845
143 272
759 409
419 144
54 678
982 861
306 902
947 189
58 39
320 550
875 659
368 634
520 767
803 682
776 226
325 357
423 821
982 182
230 401
679 637
79 13
850 737
916 149
926 974
188 599
876 415
258 244
401 131
12 557
813 140
783 138
498 206
311 832
741 894
233 420
531 664
433 733
402 701
234 680
27 774
279 904
189 890
500 942
21 864
499 834
5 634
324 855
841 636
687 934
530 272
706 413
936 491
146 690
193 380
723 572
506 2
476 47
244 329
989 265
193 841
99 198
475 776
405 668
412 444
954 942
716 660
707 5
152 853
695 345
585 418
269 443
773 98
490 17
427 831
635 620
672 734
171 500
862 576
520 274
21 475
568 737
135 275
742 287
480 790
984 417
560 606
860 333
704 350
703 131
182 338
751 206
424 922
58 287
851 579
561 224
406 482
313 541
757 408
181 238
198 517
7 758
123 868
444 179
570 147
310 104
837 414
311 261
688 369
900 539
300 462
115 706
944 429
600 53
837 133
643 35
650 651
145 126
871 941
305 441
440 968
546 277
382 209
891 70
930 791
962 231
253 77
937 549
506 889
955 343
22 598
730 25
249 228
151 120
169 808
914 610
776 812
887 510
21 778
581 303
570 895
534 175
324 824
77 831
713 32
526 88
982 257
113 232
485 264
704 6
424 970
616 201
782 856
63 155
634 644
459 556
891 345
84 216
521 513
399 235
545 925
323 879
534 788
111 371
52 168
378 828
490 346
381 273
202 445
780 837
441 591
745 333
289 181
901 810
694 300
397 591
225 72
471 112
860 934
483 264
102 213
93 945
560 474
218 762
271 350
951 713
294 49
46 583
230 299
745 277
599 143
868 176
215 691
288 428
626 124
692 80
337 785
25 249
612 595
12 883
298 315
596 944
364 994
879 595
645 624
872 244
767 92
421 335
784 61
763 762
185 807
194 875
945 220
124 557
167 488
792 817
804 741
761 168
87 640
115 733
265 339
977 384
784 750
71 920
812 186
682 349
994 876
576 939
448 701
848 968
189 640
785 345
381 547
866 821
187 981
554 804
673 883
541 457
986 612
377 150
799 411
499 793
639 76
732 88
129 580
408 670
572 193
16 306
92 882
127 632
215 681
436 888
916 977
697 902
590 426
52 741
837 552
534 477
980 618
917 461
550 325
131 122
518 499
428 611
733 907
243 949
588 31
189 505
361 239
759 951
665 812
44 503
716 578
980 48
548 897
509 98
222 640
572 92
140 1
55 873
908 650
174 849
682 716
706 43
955 465
346 620
629 390
123 345
320 455
393 868
704 902
318 926
895 890
371 387
243 426
612 504
77 787
705 111
503 411
154 810
228 852
430 210
594 906
555 914
361 301
134 418
555 452
344 802
694 67
189 938
494 802
794 923
941 499
34 796
262 540
606 842
392 388
52 986
294 960
252 8
613 386
426 168
190 122
971 884
190 512
174 36
666 968
959 607
819 993
755 81
885 713
924 277
102 328
615 748
288 867
108 901
253 886
422 795
361 745
31 903
257 206
939 276
526 250
235 698
595 991
779 480
704 55
757 806
384 372
907 24
591 15
926 196
254 348
991 615
445 22
518 702
580 809
330 459
411 566
157 6
557 288
486 261
344 595
420 80
319 679
104 910
694 382
106 300
82 449
915 527
471 785
582 404
594 912
863 5
478 20
363 387
660 201
1 356
796 421
436 467
100 893
729 146
627 835
447 62
636 714
589 108
500 523
864 446
788 727
804 618
99 167
6 759
369 7
116 517
780 904
985 232
149 714
730 777
902 177
839 538
244 780
998 744
656 862
190 444
941 346
62 40
514 420
152 235
779 620
752 911
876 89
143 26
156 874
155 410
403 994
300 647
126 299
743 782
513 286
578 807
632 993
199 498
413 351
733 545
323 486
456 200
575 952
226 731
178 733
141 933
79 442
933 205
93 676
340 958
314 918
765 947
911 965
797 677
668 531
222 992
17 30
544 944
334 122
28 512
855 521
446 934
315 731
139 760
407 479
719 74
750 836
373 661
801 170
690 470
701 264
814 70
295 358
367 629
480 395
494 687
268 292
621 584
23 112
344 782
944 415
856 694
252 229
707 405
752 398
875 453
662 41
876 309
751 243
291 583
990 785
270 610
429 243
194 452
356 891
586 300
658 795
346 910
376 53
668 128
803 543
934 466
937 162
775 688
405 66
272 747
203 894
357 632
138 904
436 494
147 23
146 157
818 844
420 546
897 88
675 701
983 609
519 920
771 294
961 528
713 585
627 916
479 336
901 617
592 337
463 91
712 961
249 882
805 669
429 55
109 104
108 92
65 627
13 188
273 974
68 986
911 47
255 390
735 508
360 680
845 823
771 910
137 372
792 294
393 573
349 502
29 457
595 94
84 960
634 710
286 54
696 197
453 303
587 189
811 299
869 9
475 992
271 612
365 415
906 758
989 608
613 18
65 560
465 502
520 99
212 158
506 260
355 959
916 294
148 79
594 369
440 69
362 711
33 79
127 291
189 116
899 802
486 965
362 951
819 234
51 383
392 909
995 99
868 263
394 369
343 340
738 135
761 100
199 794
179 326
85 369
794 985
523 280
302 238
232 473
472 635
208 865
544 203
964 764
819 710
133 514
50 872
649 163
324 848
957 856
526 395
577 672
732 100
305 386
338 889
859 163
876 67
28 420
622 344
536 793
407 670
307 809
542 309
973 218
509 282
426 36
677 3
60 761
456 365
147 146
606 358
309 482
777 689
254 400
386 791
545 793
461 853
954 355
162 927
925 671
562 352
59 591
355 472
353 163
189 500
310 796
211 619
630 988
309 885
740 47
676 286
840 489
139 794
196 653
74 121
676 636
473 88
579 181
560 932
344 749
785 654
897 996
626 528
984 287
413 725
334 441
363 526
930 854
320 478
507 746
599 535
734 73
623 314
606 183
598 950
285 383
957 534
731 583
62 68
870 827
145 204
268 508
730 550
362 402
28 221
149 628
756 235
53 380
901 11
915 500
961 552
235 918
87 967
501 149
35 723
329 180
927 949
40 9
500 402
412 880
623 913
860 379
500 265
111 402
276 27
902 238
579 137
508 18
104 362
520 491
85 849
23 365
798 63
374 650
465 786
531 88
51 391
820 552
657 931
954 285
310 856
523 242
345 384
260 450
746 780
293 183
981 317
548 132
380 923
782 846
61 665
286 113
57 458
17 66
390 971
703 700
179 579
942 524
963 555
326 709
335 972
244 669
289 793
801 669
716 935
867 777
601 506
242 10
964 259
428 354
582 131
407 113
710 349
990 673
256 668
734 592
640 979
613 929
772 766
951 840
701 818
969 302
676 564
664 641
175 92
347 758
224 754
223 934
456 213
960 712
882 46
656 522
25 269
804 149
35 755
341 89
925 311
743 602
875 408
243 50
500 590
160 724
697 736
11 153
949 971
865 183
17 874
58 395
143 862
896 531
617 238
972 542
549 715
496 776
123 739
178 624
682 691
700 379
427 63
532 728
386 749
264 404
623 322
151 119
536 47
2 505
285 326
47 186
41 896
314 165
635 493
141 317
184 193
48 611
257 580
691 643
682 955
399 657
629 550
128 165
950 482
670 587
808 70
126 850
966 440
367 601
933 860
271 117
53 319
80 310
252 124
954 286
79 353
943 61
256 424
226 558
906 897
145 715
319 271
565 285
712 284
238 997
144 861
467 197
533 899
508 785
23 814
423 455
167 718
516 775
142 742
333 49
991 831
764 310
454 329
947 166
965 186
516 109
399 983
306 932
882 814
69 906
980 492
713 500
211 229
275 353
323 961
402 667
792 166
329 246
847 277
765 812
815 633
921 214
616 580
147 498
746 216
756 727
61 821
227 272
402 854
625 726
815 380
745 959
898 74
558 98
351 675
910 518
308 184
733 924
116 232
774 862
800 883
589 861
704 168
133 459
23 111
185 838
491 930
150 741
356 708
839 60
383 750
578 691
286 663
967 754
247 741
616 48
976 558
909 33
726 395
492 749
858 29
940 701
311 90
442 667
150 282
727 533
384 658
576 22
321 543
776 569
636 392
617 613
950 878
998 29
625 842
130 835
871 70
536 182
512 979
849 662
613 929
195 997
587 771
19 908
666 795
829 303
187 798
268 490
29 618
519 6
460 1
842 331
72 378
513 936
709 714
599 322
995 146
319 934
270 690
843 936
485 24
591 25
823 211
867 852
829 738
858 289
739 52
620 163
431 485
100 492
552 51
815 547
197 486
482 819
177 677
756 662
53 699
39 876
911 906
80 740
644 291
30 384
343 2
547 126
488 647
619 392
698 434
291 248
272 125
67 449
802 175
464 208
875 503
84 138
410 517
878 54
160 260
790 503
