10000
88 35
77 68
19 45
19 50
98 17
81 32
71 30
28 79
2 73
86 81
28 57
77 88
21 45
21 96
7 77
94 47
64 71
15 84
69 34
86 67
3 67
51 27
49 80
6 3
53 92
85 34
50 14
74 23
11 95
19 19
25 66
66 89
89 82
25 58
68 63
25 24
82 77
51 84
9 57
87 14
2 24
48 52
39 74
27 50
70 46
21 95
64 88
36 54
22 62
12 90
77 90
66 60
67 17
44 28
27 83
42 29
8 43
33 99
17 60
1 87
58 23
82 23
11 71
29 33
33 41
75 62
31 42
74 50
11 18
78 38
54 73
19 62
16 4
13 85
64 14
73 75
37 7
50 0
78 79
85 63
72 13
78 4
7 52
6 18
71 37
9 25
62 80
39 30
85 52
15 49
18 40
76 8
48 26
8 78
5 46
94 78
59 72
34 66
24 92
36 95
81 97
72 43
78 63
73 63
67 89
64 38
29 41
46 29
19 6
8 25
52 2
55 63
26 41
81 50
85 18
98 67
15 70
10 93
86 36
56 5
77 21
43 58
14 89
88 33
96 48
10 0
2 17
64 28
58 45
78 44
15 76
63 31
99 25
76 85
61 85
90 90
58 86
49 72
75 37
57 23
37 68
24 39
85 88
67 96
85 97
92 1
74 55
84 73
80 12
10 94
97 52
84 7
38 85
31 66
22 89
89 59
9 13
50 46
1 17
42 39
15 34
40 41
41 76
66 74
88 28
20 86
80 56
93 71
42 25
37 64
66 26
76 75
40 26
21 93
96 16
32 63
2 24
4 44
0 70
70 89
50 90
27 30
98 72
53 40
49 90
57 15
69 33
42 9
11 64
54 7
32 39
22 34
63 26
30 16
48 0
5 98
42 84
81 41
56 34
33 6
77 90
73 46
75 16
55 39
32 61
46 64
0 21
98 16
47 81
32 48
81 89
98 76
73 79
69 81
66 2
39 43
45 13
89 20
81 96
59 13
57 58
29 58
79 79
74 78
60 58
26 94
47 25
22 72
56 91
53 22
45 93
65 90
58 54
11 91
2 22
4 60
80 85
70 11
64 96
90 77
54 68
71 1
45 93
73 2
36 78
76 81
23 42
72 81
48 35
72 51
9 28
63 90
13 33
53 30
81 95
7 35
64 30
88 9
75 13
63 11
91 40
44 67
34 68
48 34
3 73
85 13
53 0
55 19
33 60
49 14
56 8
1 20
38 41
81 13
54 97
76 98
37 20
65 23
89 65
57 44
90 95
9 44
95 16
15 29
77 16
95 33
24 49
5 14
90 38
79 97
35 7
95 24
27 12
99 16
29 57
61 72
52 22
68 47
39 83
28 16
99 76
1 75
25 58
41 67
96 72
64 84
79 11
60 6
75 60
75 57
17 88
29 21
10 97
20 49
32 49
17 31
77 70
58 2
28 99
21 77
23 86
13 2
49 73
60 25
85 35
34 54
75 63
75 86
60 96
87 92
97 57
75 74
27 85
28 56
36 49
85 59
87 98
61 89
23 73
66 9
9 0
63 84
63 91
22 75
39 10
19 88
67 46
62 46
31 42
2 19
43 87
78 83
37 91
72 61
64 90
70 25
90 85
62 5
28 84
32 19
46 3
7 65
1 69
12 84
63 66
3 7
6 33
42 43
24 14
4 40
4 26
66 46
64 80
3 92
64 35
12 63
38 19
28 39
41 92
75 56
59 78
63 65
11 57
60 87
71 65
27 27
43 45
25 7
25 28
52 42
63 64
5 53
35 85
44 28
78 19
85 89
97 0
6 60
58 66
47 81
83 75
9 27
72 86
86 98
15 38
92 30
54 97
36 90
82 80
18 12
52 55
1 1
56 59
62 66
26 61
47 61
88 8
40 61
95 27
11 62
17 3
92 72
0 28
62 34
61 32
99 13
40 0
14 96
12 28
62 90
90 61
51 78
70 92
39 17
71 2
79 88
5 71
60 57
52 74
44 13
7 43
26 99
95 92
95 7
21 9
97 63
22 49
41 92
93 33
61 16
35 40
4 93
64 65
50 68
91 94
81 50
89 59
49 85
3 96
92 24
5 42
39 80
43 81
72 88
66 86
4 1
26 8
46 42
25 97
10 17
43 43
67 33
2 69
70 6
65 62
82 23
56 22
3 99
55 27
87 21
13 91
74 92
52 21
86 77
70 97
46 13
40 66
98 95
35 68
53 52
83 87
75 39
9 78
91 16
58 78
37 23
22 64
15 74
85 2
3 55
51 2
20 43
68 19
90 55
39 43
7 22
31 83
14 92
13 5
9 71
35 98
95 57
14 62
83 51
16 39
58 67
41 79
63 9
50 53
64 89
49 71
64 80
6 78
24 20
83 85
43 18
36 90
28 50
5 63
2 21
2 60
41 95
91 4
4 41
9 20
83 58
44 47
90 2
77 15
74 60
0 18
30 36
60 58
39 65
74 41
39 76
53 80
72 45
36 28
38 45
1 73
56 97
72 46
99 49
61 74
61 14
44 92
50 4
2 89
22 76
82 61
53 88
41 77
85 29
57 75
26 10
49 82
7 73
29 7
23 42
33 84
56 77
28 59
33 31
0 55
7 35
16 12
23 9
41 8
90 99
83 17
9 84
99 69
58 80
28 81
23 61
17 31
90 98
90 75
29 91
31 88
26 99
1 1
61 94
9 51
93 44
68 55
29 20
76 87
0 4
20 75
65 89
7 7
87 49
82 68
40 65
57 18
17 10
71 30
4 32
33 50
77 54
57 6
74 33
45 26
37 65
2 54
54 61
13 94
10 47
62 3
13 71
73 82
81 45
12 38
77 97
40 54
51 97
12 25
30 57
52 19
74 6
25 81
19 38
75 29
85 89
32 50
61 6
32 94
3 96
32 80
46 72
87 97
21 99
23 51
9 27
22 35
85 47
16 4
85 43
33 23
85 18
73 46
76 58
92 79
6 77
59 52
49 98
50 23
50 25
26 59
4 49
46 89
96 63
45 34
58 78
57 43
48 82
41 24
40 34
3 99
11 15
51 12
13 53
35 63
78 62
74 82
11 21
23 59
36 68
45 94
99 54
38 47
37 31
24 29
65 27
28 28
42 32
41 8
85 76
71 16
90 98
98 53
19 74
65 55
42 10
1 93
65 91
41 54
23 17
83 88
44 64
69 39
96 10
47 81
38 70
97 81
68 48
34 39
74 99
46 68
10 48
62 27
39 55
81 14
72 16
55 16
80 24
7 76
34 6
10 24
77 59
5 97
59 40
37 33
91 83
2 53
83 64
80 75
71 13
89 43
82 44
11 62
68 19
91 54
25 1
79 54
60 84
52 20
76 41
5 68
76 7
21 60
23 54
87 94
19 76
89 1
21 1
64 41
72 55
96 49
8 27
4 68
63 8
40 40
49 98
60 77
5 33
37 81
39 24
27 59
53 17
60 26
70 76
67 42
83 15
43 91
42 47
12 6
7 4
98 56
2 10
34 60
95 23
41 35
0 20
94 5
37 6
31 59
35 50
53 18
66 97
10 8
96 74
66 4
78 16
12 81
78 98
41 74
74 34
61 26
54 55
31 44
13 62
3 48
12 57
19 78
6 29
39 2
3 57
58 33
26 71
66 4
21 59
30 95
93 91
21 0
98 4
96 64
66 51
12 31
60 31
61 66
12 0
21 67
10 79
53 88
2 19
92 76
79 75
71 24
66 45
24 17
49 72
81 68
24 45
99 84
29 60
51 41
13 24
61 75
3 14
63 58
33 7
34 12
82 57
89 1
2 13
18 4
86 99
24 10
44 23
46 73
35 49
67 48
73 80
75 77
94 38
87 79
46 21
44 80
78 33
33 81
98 51
37 36
2 61
98 99
36 45
24 71
94 91
72 20
23 47
97 69
38 84
1 36
57 45
16 35
30 2
68 80
53 5
17 8
18 15
7 54
12 31
78 59
75 50
79 98
49 28
20 39
12 21
75 21
66 44
56 48
46 25
28 51
82 45
59 1
13 66
7 25
50 85
36 77
87 15
27 89
43 47
28 7
68 56
28 86
0 85
34 98
62 15
49 44
12 61
97 25
79 57
3 29
94 39
6 82
55 86
23 50
33 3
58 2
59 86
40 11
23 27
61 85
42 63
82 54
24 79
32 3
88 87
85 83
78 43
17 85
29 40
36 63
95 94
17 7
32 9
70 56
36 32
93 30
47 75
37 71
7 21
26 95
8 11
30 38
7 47
24 36
39 12
51 35
58 20
42 90
30 64
98 18
48 92
49 95
19 86
18 26
7 45
74 67
8 4
5 67
4 81
4 43
93 7
78 51
80 72
94 62
37 92
80 85
36 81
33 56
19 51
34 26
48 60
45 57
65 3
24 69
36 80
12 30
40 43
33 20
15 79
82 4
72 14
42 60
96 75
16 15
26 3
94 75
63 91
84 28
94 60
49 31
93 14
13 33
9 98
53 76
78 87
81 2
1 75
62 97
50 31
65 28
34 59
55 97
50 39
78 97
52 79
28 45
45 93
78 54
43 83
83 21
22 64
75 75
91 90
73 41
73 90
69 59
49 25
8 51
16 38
48 68
18 28
65 15
73 95
22 17
78 5
90 52
21 18
28 12
8 53
53 33
43 74
92 44
51 52
47 20
91 96
88 61
76 6
76 50
1 98
67 32
55 9
84 76
27 12
88 87
17 93
20 12
20 64
56 23
17 4
43 8
52 84
69 28
90 97
30 91
48 97
23 3
59 60
32 86
24 72
74 42
18 46
54 38
63 63
13 80
19 57
40 71
93 61
51 35
58 82
26 58
31 2
14 90
62 46
29 86
70 55
28 88
1 35
26 64
50 92
96 69
1 36
92 94
97 43
29 8
25 7
66 9
9 80
99 23
78 80
10 49
35 90
37 89
77 16
53 27
8 2
96 9
38 88
55 36
32 84
44 9
91 62
70 53
43 22
76 73
2 38
22 38
29 12
27 58
28 32
86 88
34 34
97 25
23 52
61 7
88 57
68 31
19 39
36 14
61 13
88 15
3 62
53 84
74 32
43 2
65 29
90 51
63 39
76 38
43 89
97 83
46 66
15 18
57 51
84 70
16 24
85 20
87 39
4 61
23 47
16 88
28 58
92 44
98 68
82 93
58 80
77 56
98 44
26 7
47 11
77 16
35 62
36 22
53 92
36 77
92 52
17 72
10 9
16 60
78 51
6 88
83 83
96 81
79 23
88 26
86 17
42 73
31 30
48 85
75 84
14 67
88 31
39 50
93 8
11 71
59 69
11 42
52 7
75 83
82 63
61 20
32 56
94 63
86 42
0 13
78 14
32 18
98 72
68 91
32 31
14 91
0 25
33 4
84 8
87 19
23 49
39 7
57 33
70 95
27 71
9 57
37 41
75 35
65 44
26 97
75 40
88 76
17 73
32 54
33 20
73 8
21 12
15 78
98 38
73 77
9 34
35 98
76 62
34 41
6 12
91 34
5 31
62 74
5 94
28 90
66 1
99 87
66 14
17 16
52 43
93 13
77 80
64 5
43 50
99 49
62 90
35 19
21 97
94 78
92 74
69 58
76 68
98 94
34 67
10 39
62 55
4 92
36 68
97 79
18 48
80 81
38 16
52 12
65 98
42 9
73 11
20 1
31 70
95 18
37 57
57 0
12 61
44 48
82 41
79 0
90 12
33 80
80 86
44 45
84 87
7 9
50 27
10 34
97 5
4 86
14 13
86 27
26 82
27 8
24 7
9 66
71 42
98 51
28 43
48 65
30 55
74 32
82 85
66 31
42 22
18 57
35 56
36 62
39 63
70 15
22 79
81 93
22 79
44 2
74 93
19 56
0 94
89 35
31 7
66 25
30 84
34 65
41 70
27 32
34 98
47 56
29 28
50 51
59 46
6 34
91 25
42 92
19 31
27 2
39 45
28 21
30 62
86 23
33 66
55 19
16 2
75 45
82 77
97 93
24 55
79 15
80 22
59 52
53 38
54 44
84 34
17 14
49 56
89 34
22 44
53 38
98 80
35 80
58 84
73 82
39 53
49 20
27 61
24 80
99 78
77 83
65 94
49 14
50 38
48 72
82 53
62 80
33 98
12 91
82 38
25 74
43 27
94 70
88 18
2 87
48 79
23 65
74 72
79 76
11 79
1 45
84 63
78 18
13 90
61 48
80 39
22 23
66 68
45 6
38 48
45 38
79 68
4 53
41 35
82 4
15 83
49 51
98 27
69 64
70 83
12 50
22 86
26 40
54 23
46 44
71 91
82 3
12 86
8 53
74 90
57 41
73 6
92 24
86 62
88 56
97 0
58 19
38 36
11 44
12 57
88 35
0 22
38 12
9 47
17 83
37 74
76 63
33 68
87 19
82 75
27 79
27 37
50 65
26 61
9 38
70 49
73 23
71 12
35 32
59 53
67 48
79 43
11 64
12 50
35 94
25 14
26 4
52 76
21 30
90 82
68 60
31 93
83 55
5 71
87 16
76 7
17 55
2 28
72 14
31 7
61 8
22 39
13 26
15 34
56 57
69 76
18 52
21 53
7 79
24 47
95 0
54 64
8 56
93 80
23 24
39 36
32 13
75 97
39 42
84 47
0 53
75 70
5 97
23 13
76 0
12 23
0 18
88 60
26 33
92 49
9 32
37 93
45 12
91 37
7 27
36 59
80 12
29 37
61 52
2 89
52 14
64 5
32 52
65 11
37 10
60 46
42 50
92 39
14 35
76 21
62 13
80 94
77 9
31 90
14 34
79 18
0 43
75 85
48 93
96 85
3 8
84 97
58 76
36 73
11 65
46 25
30 27
19 7
88 50
97 54
36 28
25 37
71 52
22 19
45 18
57 0
78 41
97 37
69 34
62 32
51 8
57 81
87 28
88 76
78 37
82 67
17 7
4 88
12 78
60 57
48 69
58 26
62 7
15 31
93 77
15 44
86 24
25 73
52 65
1 82
54 36
49 71
95 5
12 7
35 24
65 83
93 75
62 55
82 77
38 28
55 5
72 93
29 50
18 33
67 72
15 22
8 17
45 3
74 57
11 10
81 28
93 26
3 7
81 37
85 71
65 92
76 90
85 5
92 55
38 59
27 6
33 35
75 79
91 49
88 2
11 22
82 57
48 85
64 82
74 49
53 92
41 30
34 78
87 26
34 26
85 13
84 71
1 59
2 92
60 42
46 72
64 28
29 65
65 93
47 91
95 52
83 36
82 17
67 70
43 53
48 81
66 84
4 67
95 6
11 55
48 57
79 65
37 60
30 2
6 29
94 1
81 29
89 16
99 56
38 94
61 38
75 28
22 31
47 17
37 59
24 38
68 56
3 6
16 85
60 74
14 6
75 47
88 17
15 87
25 53
81 87
91 9
15 65
40 14
34 30
73 11
68 94
67 71
52 35
8 64
10 74
23 37
21 11
54 37
98 32
42 79
19 34
40 86
99 81
0 86
11 26
97 79
20 64
2 24
51 62
88 61
36 11
99 57
22 5
46 72
37 89
4 8
75 44
94 26
77 47
12 88
73 9
19 45
25 73
69 77
35 9
90 71
21 41
81 95
47 79
20 36
20 24
45 95
68 91
74 46
38 86
86 63
48 58
8 25
31 29
54 19
39 45
90 12
86 23
59 85
3 79
22 23
55 19
71 76
10 45
74 1
83 60
64 83
18 73
9 2
54 15
21 93
60 63
57 99
87 69
84 42
48 58
65 4
77 88
32 40
85 6
41 69
66 5
4 37
78 65
39 85
81 60
30 41
23 88
40 62
57 77
4 57
35 22
13 65
62 45
5 48
51 46
17 70
51 21
7 82
87 98
67 20
10 97
61 85
37 54
48 46
83 4
4 18
26 69
35 41
15 40
89 18
86 6
40 90
79 47
24 18
97 91
38 7
40 52
93 78
58 93
24 93
97 80
63 76
50 99
17 17
39 58
87 78
64 28
68 95
27 92
66 25
35 56
84 27
8 29
5 18
22 82
11 72
14 75
0 16
74 69
33 65
27 73
43 43
53 63
90 80
7 56
57 42
13 94
70 73
23 27
44 98
61 55
22 76
82 22
92 8
43 78
74 22
3 69
17 56
33 7
88 92
16 46
87 29
40 9
54 15
36 98
13 50
54 35
78 88
9 70
97 52
0 23
26 55
44 43
11 29
51 0
22 67
98 9
48 38
18 2
53 6
1 19
56 7
54 34
47 64
57 96
68 9
19 95
65 16
90 28
45 41
28 67
60 26
28 60
16 98
63 22
5 16
93 13
75 47
0 22
63 9
19 84
18 90
79 35
6 21
64 4
63 92
71 75
71 52
36 39
50 51
13 7
67 6
73 42
6 73
16 69
34 35
5 52
78 84
88 84
58 52
88 73
96 12
48 19
16 36
11 18
87 24
26 6
83 51
0 41
24 17
62 58
4 68
62 82
4 2
19 62
6 59
35 55
23 84
74 39
72 37
58 12
62 36
18 97
87 71
38 63
40 0
73 44
20 35
79 25
90 50
87 96
61 23
51 85
59 78
76 83
15 86
95 29
22 66
78 61
37 68
24 77
69 49
73 41
85 4
66 27
54 54
23 16
29 27
53 88
57 29
23 72
68 19
54 90
85 32
4 74
1 80
51 22
30 76
63 67
81 30
94 87
36 69
55 65
96 60
5 53
42 28
78 10
99 32
52 84
64 56
58 17
37 61
39 67
38 3
34 71
85 80
10 73
49 66
38 98
26 95
3 68
75 81
30 75
13 83
11 30
39 22
47 76
83 39
95 73
94 81
44 79
61 7
52 11
73 42
61 51
89 64
72 16
46 2
91 11
85 55
93 77
77 41
5 60
80 1
86 74
82 30
5 96
37 9
59 62
51 20
66 92
84 90
8 82
92 52
94 30
7 87
7 84
80 64
96 12
65 82
38 0
65 43
96 54
52 55
69 55
27 35
47 11
25 56
94 69
60 40
51 67
27 10
3 60
75 51
72 92
34 11
92 51
54 88
5 59
95 26
66 22
61 14
86 38
22 32
60 82
72 63
1 51
74 4
11 1
55 84
93 41
47 86
92 53
26 50
12 74
76 79
96 90
45 34
80 67
66 92
1 38
56 2
42 82
6 53
83 13
89 76
55 36
62 99
90 41
1 54
15 78
85 63
20 30
98 52
49 16
45 2
7 53
4 49
35 62
54 18
76 96
94 83
32 9
34 74
50 36
81 17
66 66
32 38
49 82
90 50
99 87
53 6
40 57
7 75
20 13
93 48
9 40
83 94
49 69
20 51
5 1
20 71
20 52
9 69
35 52
19 86
39 72
44 32
82 3
7 54
16 53
54 26
93 37
20 94
58 40
97 64
94 17
87 14
21 49
35 8
1 6
46 92
31 90
24 13
93 84
19 62
37 73
88 82
62 60
76 20
52 25
36 98
42 24
64 15
73 99
24 26
58 22
70 89
13 95
54 58
79 25
20 68
98 60
50 12
72 26
32 25
51 21
23 45
45 88
12 70
39 88
96 97
11 18
38 76
13 44
34 44
69 7
12 67
19 62
31 92
40 16
17 43
37 92
40 82
32 53
4 72
41 52
21 52
70 60
80 84
4 15
80 74
74 93
93 93
55 25
37 48
41 54
91 30
99 84
12 31
37 68
3 30
20 77
35 90
37 15
26 93
82 7
19 56
0 13
2 7
90 39
7 83
46 51
13 45
35 77
76 72
97 32
54 17
9 89
7 98
5 86
91 87
93 11
96 45
76 98
4 18
37 12
53 35
63 66
80 98
95 9
22 92
93 76
61 54
66 68
52 71
6 43
10 99
6 6
96 34
4 1
52 94
13 5
29 76
23 62
26 70
23 48
14 16
76 75
70 42
96 22
65 2
17 28
54 76
34 50
62 91
51 15
37 16
72 18
92 48
80 70
70 55
18 37
71 47
64 41
89 60
15 7
15 85
35 21
13 21
23 75
12 27
42 1
43 67
20 88
15 52
58 37
8 29
74 79
76 39
73 17
51 40
24 18
77 11
91 90
33 15
66 97
42 8
99 85
75 19
73 42
71 32
32 31
13 58
11 89
49 36
6 1
28 83
71 6
94 63
96 79
78 14
77 72
23 76
57 50
47 83
45 18
67 77
2 80
35 13
21 37
1 27
38 29
10 61
87 57
76 84
36 6
98 13
78 73
41 88
76 88
71 73
59 90
50 61
70 37
26 91
74 79
70 64
60 33
78 48
90 54
84 78
61 34
44 91
8 85
79 36
26 2
9 85
92 11
98 14
48 76
57 75
55 28
91 15
61 69
63 3
76 47
81 37
34 25
80 42
63 60
30 89
14 39
74 7
2 24
73 2
0 31
77 55
59 21
22 72
90 38
75 18
85 8
7 19
34 88
13 97
0 95
38 14
86 64
73 88
88 47
91 88
30 20
95 89
93 17
13 36
55 40
54 93
48 62
64 34
50 30
31 50
77 21
16 64
85 90
4 73
89 47
13 19
68 8
60 61
78 73
97 85
13 4
30 13
66 47
48 16
77 31
18 54
53 34
70 38
76 75
12 65
22 77
84 42
38 96
56 16
69 5
53 34
9 84
48 75
31 96
43 60
27 13
66 80
48 37
71 76
64 35
42 38
12 78
81 50
75 89
18 96
94 72
31 4
56 79
31 39
27 27
51 54
40 17
87 40
6 10
17 70
45 59
9 57
89 42
60 64
31 78
61 25
50 92
81 58
23 65
49 50
92 0
56 84
18 95
25 24
5 42
47 50
53 8
60 42
50 20
7 33
98 20
10 1
64 92
11 87
9 61
89 53
61 45
37 79
93 14
56 98
56 55
1 9
63 13
4 13
85 11
46 83
83 8
36 47
52 48
34 61
9 75
66 70
72 56
2 65
70 10
16 79
65 69
40 28
82 44
93 67
55 91
2 90
99 39
37 52
39 23
65 48
98 32
70 71
88 24
88 10
34 4
89 51
73 30
31 7
74 24
74 82
67 29
72 67
20 10
71 59
85 36
59 84
20 81
7 8
58 95
71 44
52 60
96 77
90 27
85 17
4 11
99 71
92 23
90 12
85 13
23 71
50 34
7 22
16 66
83 26
13 54
70 65
14 18
43 57
98 80
74 2
91 25
25 84
48 68
48 34
81 72
57 83
58 64
6 26
82 89
52 95
95 75
61 9
93 56
18 91
88 92
45 31
69 23
67 18
43 16
4 24
40 13
60 98
77 18
25 59
59 77
6 54
4 67
63 98
75 34
41 63
78 39
95 48
62 62
18 5
30 22
81 70
35 93
21 64
11 46
75 70
75 81
24 80
1 40
30 28
74 71
92 52
10 39
52 24
53 70
81 84
44 63
6 31
56 27
95 20
25 22
90 1
56 67
33 9
7 63
37 33
86 81
37 49
72 90
73 26
60 7
62 57
70 68
88 78
96 84
50 73
58 41
74 14
8 59
75 67
22 13
52 61
94 89
10 19
31 35
45 44
42 7
1 64
27 89
95 23
25 45
49 36
38 23
50 98
35 78
65 9
91 69
70 37
59 80
56 42
68 53
86 10
60 39
75 88
29 22
63 6
67 12
42 6
88 45
4 23
23 22
32 14
91 55
3 2
87 12
97 55
65 83
66 78
23 93
66 4
67 81
10 34
46 53
92 86
98 97
9 21
71 93
87 14
48 42
69 36
54 66
43 72
49 61
50 24
54 68
80 21
49 91
8 47
96 0
33 94
49 94
67 72
88 6
87 88
48 56
76 55
22 20
27 23
81 77
0 88
45 80
61 46
23 69
94 19
22 79
65 71
74 84
96 62
90 83
2 39
91 79
46 65
99 73
88 80
50 40
68 47
73 30
93 96
51 39
68 73
19 85
97 93
70 93
7 60
28 9
51 19
88 97
36 87
70 76
20 72
17 88
19 90
70 13
38 22
4 6
95 23
92 44
68 14
37 75
74 17
85 78
88 25
27 24
13 50
1 85
22 70
73 42
12 96
7 50
70 63
9 17
87 53
62 55
67 51
83 93
69 20
23 57
45 51
34 10
1 87
95 75
57 21
69 21
17 76
71 87
40 32
4 79
37 18
86 56
70 69
2 91
41 25
0 87
28 34
97 81
21 45
57 30
66 26
51 35
55 75
74 47
7 30
78 97
49 64
53 71
86 55
62 27
33 62
66 61
49 16
43 70
61 0
53 79
78 4
66 33
79 92
32 39
74 10
88 75
75 93
46 13
49 60
40 82
23 59
95 72
75 38
94 36
90 47
67 69
4 33
54 35
77 87
26 51
97 14
27 24
8 73
37 9
34 30
43 9
89 38
33 64
29 79
52 19
27 19
40 83
4 95
18 33
34 45
84 31
11 11
56 19
37 45
28 23
75 23
84 16
62 17
80 43
96 84
14 75
55 55
58 11
2 29
44 36
74 29
67 85
92 75
57 81
21 37
56 48
61 40
65 75
9 97
70 6
82 84
33 37
39 44
1 41
73 45
77 99
26 97
84 71
72 93
52 45
83 9
94 44
49 11
71 59
8 41
17 42
25 2
32 17
46 33
58 71
30 88
70 57
85 7
28 9
0 32
55 83
41 1
79 43
64 2
54 24
95 23
19 73
25 51
90 24
36 0
95 66
40 18
75 25
25 55
87 77
88 94
13 81
47 44
24 11
99 30
87 94
53 6
67 31
57 9
7 45
10 54
64 50
72 39
28 49
95 67
27 35
61 92
16 60
36 93
71 35
23 58
30 29
17 49
60 74
59 67
72 21
21 36
23 46
27 3
95 74
70 22
9 83
14 78
43 3
71 66
38 46
77 20
75 94
22 35
20 81
54 92
2 28
28 77
74 8
81 21
82 51
44 44
35 10
22 30
65 45
97 56
91 74
76 19
68 98
54 88
31 61
33 85
41 61
63 15
21 44
36 4
47 32
48 34
95 70
65 12
67 62
68 58
88 97
77 56
95 84
96 79
97 29
64 38
43 79
5 64
75 93
68 75
78 68
9 25
90 26
37 57
40 6
16 28
3 45
36 50
81 33
29 78
62 46
68 5
25 73
22 53
67 42
28 45
11 37
70 1
64 59
59 56
65 27
85 20
24 21
71 6
54 52
36 69
98 5
26 76
30 48
29 97
91 57
94 2
46 16
55 62
76 14
19 41
93 56
62 18
77 85
76 84
37 64
5 36
69 31
64 0
32 45
49 75
54 44
29 0
12 84
15 88
51 86
82 44
42 96
14 71
81 42
55 70
7 60
58 28
44 22
28 76
67 30
51 21
26 80
74 38
16 89
79 67
27 61
64 69
9 30
40 42
73 48
12 32
60 71
60 56
93 41
32 13
71 35
34 49
67 60
87 84
49 66
3 76
79 67
97 88
50 90
30 23
38 95
7 50
66 67
7 11
8 91
76 31
79 63
80 98
23 20
34 25
38 38
53 18
57 51
58 7
93 41
82 31
36 89
33 54
9 40
17 69
84 94
1 63
9 33
61 32
5 96
57 44
86 63
14 43
66 72
3 59
13 37
42 1
27 75
7 88
68 25
57 52
71 10
15 80
44 28
64 1
24 74
45 62
37 59
6 3
32 61
62 97
98 4
51 77
79 58
65 47
35 75
51 6
85 66
38 81
47 3
83 23
77 80
86 14
40 44
69 24
5 31
73 55
87 24
85 18
35 2
18 70
77 69
29 63
88 19
96 35
22 79
58 51
12 44
17 52
88 86
28 45
69 1
1 8
78 38
27 65
40 97
87 18
18 16
33 6
88 29
93 10
61 52
14 73
48 31
77 89
18 5
86 39
58 87
48 36
25 27
1 18
24 89
36 42
57 21
1 45
2 94
8 63
98 22
88 99
5 17
40 23
22 26
15 81
14 15
69 91
42 23
9 18
64 97
12 73
18 13
71 21
60 79
36 10
53 25
9 58
94 49
34 17
28 49
50 94
16 71
85 10
94 47
28 10
44 92
84 15
58 55
36 18
86 24
80 39
1 42
49 96
43 83
65 71
84 15
65 52
86 51
62 33
50 90
43 46
83 79
61 93
34 49
11 72
26 43
63 27
85 13
23 29
48 88
0 33
55 66
85 94
69 0
27 19
90 22
17 25
2 31
18 88
80 81
61 6
25 24
86 10
37 9
91 38
50 92
71 57
58 8
51 79
8 78
50 51
53 67
28 55
98 99
43 31
80 56
89 57
81 75
20 70
37 11
8 39
55 31
96 65
92 48
44 52
78 94
55 31
14 36
38 12
35 34
95 67
90 85
25 23
60 97
46 49
8 6
88 16
90 37
81 34
85 26
86 15
72 94
47 86
30 37
51 17
71 46
84 14
83 61
37 44
58 35
45 19
42 86
35 84
23 16
18 8
94 56
23 67
50 22
5 32
60 56
49 83
55 34
97 38
47 87
34 58
22 80
77 16
66 64
0 89
32 18
49 27
75 24
46 77
47 51
10 59
60 11
42 15
97 40
53 45
27 88
3 1
68 32
18 86
48 18
75 80
89 76
59 64
0 57
41 47
9 3
58 21
15 53
36 12
45 89
9 72
29 12
25 97
96 43
35 44
14 62
25 3
38 36
19 39
94 12
38 55
16 97
76 83
50 12
95 95
53 5
19 83
69 44
80 66
40 68
10 6
30 87
9 69
24 80
8 70
92 46
25 8
95 1
91 97
13 39
92 66
96 63
49 17
60 82
83 52
50 46
58 32
85 19
1 61
99 9
31 91
8 56
52 55
57 95
53 22
34 45
89 82
61 90
0 21
72 83
73 74
81 83
7 67
2 60
80 53
22 12
96 30
68 48
37 78
44 90
0 30
88 41
13 49
32 13
22 56
48 47
83 82
30 90
1 84
2 81
89 24
93 85
6 14
34 44
92 30
34 44
12 22
86 25
23 18
90 97
26 91
44 9
73 26
51 74
10 54
55 99
78 1
37 85
15 23
81 59
5 15
3 17
90 89
43 65
59 85
63 86
76 7
47 49
34 99
75 96
53 31
48 83
84 85
20 99
60 1
58 65
69 61
82 59
3 77
76 14
63 39
0 91
99 48
93 85
99 68
81 4
51 81
87 35
18 60
86 78
61 44
95 82
58 78
41 13
7 70
27 22
9 80
14 8
28 59
45 79
27 79
83 31
60 22
18 31
34 5
61 48
1 57
30 59
87 24
24 94
94 52
17 3
32 83
64 12
42 9
91 21
88 26
52 1
48 23
84 83
28 45
31 81
54 13
41 41
37 65
88 31
69 5
87 1
40 3
13 82
64 56
55 53
82 8
6 83
83 90
18 63
87 1
44 42
14 37
83 52
55 71
35 24
28 22
26 68
77 91
2 42
0 58
47 82
18 53
17 1
95 35
64 82
36 8
24 3
46 60
55 1
83 42
77 64
17 55
32 94
99 87
36 99
45 83
33 63
88 51
16 83
38 32
18 27
92 42
30 90
54 37
43 38
79 21
2 96
76 86
91 75
73 79
74 70
63 60
85 3
11 1
87 49
85 57
76 78
99 58
68 6
95 12
96 75
85 50
23 61
36 14
89 62
46 15
32 61
75 70
64 86
23 3
88 9
60 16
87 12
75 7
18 70
71 14
97 56
64 21
70 52
87 59
66 33
74 99
94 2
21 59
88 44
14 28
53 75
45 92
39 72
0 9
94 71
75 92
28 39
13 98
43 0
9 10
86 35
61 80
37 82
91 78
26 6
6 32
33 3
24 24
27 24
33 22
48 8
14 28
99 79
78 42
79 87
4 65
22 65
98 12
99 89
90 78
47 48
10 32
4 34
56 31
11 41
53 59
49 19
87 48
98 65
43 30
4 47
95 78
65 45
90 16
87 80
94 34
81 4
19 85
39 27
68 2
69 74
61 18
93 0
19 44
17 14
74 21
13 21
99 78
67 42
95 6
74 41
40 55
46 11
92 37
39 61
39 8
87 52
78 80
52 49
76 21
63 2
42 29
24 93
7 43
35 54
49 62
48 41
69 94
53 62
83 44
75 74
52 62
26 82
94 30
84 71
51 99
73 45
28 49
38 88
44 26
94 45
88 42
39 57
36 92
71 19
88 46
45 40
8 71
74 55
53 58
26 4
10 51
49 38
53 40
26 97
18 21
95 58
63 34
67 52
26 39
71 66
37 69
6 46
40 32
1 94
43 79
50 53
82 52
91 35
92 70
33 62
91 80
20 54
14 87
6 92
78 30
58 16
99 16
14 91
48 15
37 43
46 88
96 28
40 40
64 84
10 49
46 53
29 18
59 43
5 66
87 84
48 45
0 99
61 14
90 61
81 80
5 79
68 53
7 60
45 23
96 55
72 94
60 53
12 20
48 69
38 35
53 86
80 5
37 93
71 27
55 52
7 60
31 27
65 91
39 11
14 87
18 39
81 79
44 45
51 93
15 89
80 20
75 61
26 12
6 49
91 61
2 51
73 85
30 39
28 70
2 95
57 72
34 91
51 30
36 2
23 3
91 56
24 18
17 2
82 23
51 74
37 5
77 10
43 7
1 71
29 3
66 39
28 52
30 79
83 18
34 58
74 77
66 98
48 35
0 30
11 3
56 48
9 85
10 52
93 12
75 74
67 94
13 95
46 95
27 81
66 13
92 40
90 58
90 90
94 42
21 5
45 29
5 6
15 15
58 60
79 86
34 47
80 0
94 78
47 21
12 65
86 4
5 77
14 95
19 60
37 40
17 35
22 22
41 37
90 52
49 69
38 35
16 18
87 63
96 35
84 8
52 71
64 58
0 31
5 19
91 95
12 61
82 34
83 23
23 73
75 24
43 13
59 11
83 47
74 32
34 11
92 86
34 57
96 86
88 54
57 31
1 69
92 83
55 28
58 30
53 34
54 48
99 14
60 35
13 86
67 99
49 59
37 83
68 34
69 8
40 79
92 41
48 36
76 56
64 34
86 70
20 93
18 72
59 30
59 72
69 26
23 18
37 60
54 58
94 75
66 86
54 58
79 55
95 55
11 11
42 49
81 14
42 52
38 53
34 97
25 3
23 48
22 13
9 28
71 55
3 89
94 58
0 73
13 95
81 76
58 23
25 92
89 20
96 28
73 30
25 51
34 1
51 8
66 12
88 37
68 91
26 62
49 26
87 14
73 68
90 84
43 16
28 33
88 24
61 61
54 38
12 40
91 64
0 57
76 88
94 96
80 73
10 81
51 98
96 77
66 86
61 62
54 89
95 42
65 8
56 19
46 68
12 38
84 64
47 13
5 42
61 37
67 72
18 70
22 66
47 40
5 60
2 11
1 97
54 66
57 10
38 56
30 2
94 67
66 41
80 23
35 41
60 54
65 31
25 87
97 24
28 54
85 82
66 38
80 20
57 89
82 95
45 64
49 91
31 15
85 11
39 20
5 51
27 70
82 4
58 80
28 38
34 65
20 52
4 52
24 61
42 6
8 87
23 57
31 54
24 16
18 15
88 23
67 15
93 49
19 3
81 48
93 68
65 14
20 21
18 45
34 12
3 42
52 26
51 83
33 28
99 51
43 87
26 62
55 19
64 74
75 97
74 68
17 40
34 38
61 5
35 96
17 90
90 69
17 94
52 2
22 3
53 17
43 79
80 98
50 96
72 25
93 99
46 63
39 32
1 52
37 88
0 55
78 43
76 47
37 81
49 11
84 2
28 27
33 60
25 84
56 50
61 2
49 59
65 40
92 18
92 29
58 45
36 36
88 13
36 77
94 85
88 30
40 16
58 73
29 35
9 37
85 23
39 86
34 56
26 26
26 71
8 84
68 44
73 8
9 9
85 3
94 25
34 86
41 44
60 22
31 21
60 69
44 51
55 79
8 34
57 86
5 17
23 25
14 96
33 23
57 18
79 51
95 65
38 36
9 50
11 40
71 71
61 68
22 17
99 82
51 8
69 8
26 44
33 40
40 66
63 97
36 94
0 31
59 90
19 20
92 30
13 16
53 74
36 76
91 35
58 94
95 79
54 21
75 87
13 15
5 29
64 93
23 17
76 83
59 48
3 52
30 16
68 84
43 4
12 34
91 70
81 86
2 35
60 77
75 25
45 32
54 61
78 30
30 54
13 90
54 68
94 85
37 14
21 80
18 33
66 61
55 47
99 9
35 11
39 10
37 84
42 43
97 20
73 80
27 38
22 81
7 16
18 96
30 39
76 0
72 94
61 80
94 12
89 29
24 28
39 13
64 33
56 14
6 30
94 85
68 16
66 27
84 37
75 14
76 3
14 1
98 27
81 92
91 22
21 67
51 12
80 15
97 89
29 3
71 75
88 91
91 7
71 75
44 46
41 72
50 7
25 48
86 58
92 78
81 65
45 84
77 78
99 26
19 81
30 90
56 70
33 0
29 4
27 25
51 69
50 1
76 27
1 63
86 45
93 19
10 90
3 39
20 54
65 39
35 47
81 44
70 15
44 99
71 71
77 22
92 27
75 21
54 28
84 92
73 29
63 83
19 66
22 92
73 40
31 60
87 65
4 57
32 0
57 3
24 34
78 16
13 5
37 19
34 73
12 59
54 27
95 26
94 69
18 19
9 1
79 97
66 36
54 50
88 63
6 12
49 84
81 14
41 70
34 27
96 98
87 50
25 82
76 71
3 46
90 13
48 22
10 66
10 16
69 98
80 75
11 81
11 44
96 52
66 82
80 62
80 67
65 57
1 93
29 4
40 71
69 40
45 79
58 55
48 27
54 28
2 17
61 13
13 57
18 79
91 98
42 71
17 59
29 70
52 10
74 44
81 96
36 79
75 95
34 23
22 88
3 77
5 17
42 18
26 60
50 18
10 44
89 27
3 70
97 7
32 24
4 66
20 40
45 47
35 79
71 10
68 26
39 25
43 33
96 70
94 46
88 4
90 29
32 45
52 81
52 84
5 56
50 77
49 95
25 84
75 48
46 95
26 37
20 70
71 16
92 65
14 32
21 4
61 5
1 13
87 54
50 44
62 0
74 11
96 99
48 23
99 46
18 25
84 38
47 55
7 39
72 73
23 45
78 85
51 79
50 90
85 52
86 48
53 60
11 49
11 59
72 10
58 42
88 42
80 87
49 39
79 73
13 2
18 43
39 69
74 42
11 60
94 98
60 47
10 23
48 22
35 72
84 93
14 24
87 47
12 36
86 91
61 51
93 79
94 33
1 69
75 12
81 69
62 93
69 73
16 17
47 3
42 31
96 56
56 83
3 68
71 42
59 32
93 4
64 88
37 65
9 64
29 42
86 92
35 55
65 3
24 64
7 18
95 3
75 3
39 30
71 62
24 82
47 18
87 11
58 76
76 19
41 57
61 27
49 96
34 66
51 10
30 58
29 78
14 56
81 5
38 53
67 63
35 14
33 74
77 91
51 5
10 92
63 71
71 12
19 57
31 70
19 13
81 0
91 95
56 73
0 47
26 19
10 13
34 43
40 63
86 91
69 96
35 32
19 58
96 90
67 79
12 38
93 93
39 84
40 47
57 40
94 35
60 56
1 46
99 41
61 85
84 30
33 19
14 4
29 11
46 48
90 59
86 83
4 25
20 45
25 77
37 19
13 49
76 66
47 27
7 9
65 43
39 98
14 54
55 43
17 1
91 59
60 29
95 17
7 15
62 32
92 51
51 57
1 79
23 0
7 82
9 72
25 49
22 39
55 77
34 24
79 77
83 91
7 30
60 14
45 22
46 90
26 49
47 79
81 23
79 40
57 89
64 83
90 86
74 97
16 61
21 47
38 56
90 97
87 51
11 32
25 9
22 51
11 22
30 92
97 10
84 54
99 48
89 41
34 64
38 2
25 59
49 15
67 40
13 54
91 76
39 16
86 13
20 49
87 50
93 84
12 77
91 63
25 80
4 11
44 42
14 21
53 63
89 21
55 2
27 98
78 18
15 16
84 87
17 71
89 10
8 2
39 99
65 64
79 70
28 76
64 42
49 18
57 38
91 13
40 70
11 71
89 78
39 73
65 57
96 7
67 4
9 7
55 26
23 35
48 51
63 13
45 12
83 3
3 26
68 95
96 31
66 37
10 6
62 27
63 59
86 82
15 95
41 71
74 17
58 22
68 73
87 66
37 22
69 40
48 89
36 97
20 54
34 82
12 49
62 27
60 48
10 27
96 3
50 70
20 8
92 41
33 80
7 71
54 28
63 3
17 99
52 89
6 38
24 18
87 86
46 47
86 8
75 82
63 25
52 84
86 97
25 19
29 84
42 83
12 6
38 81
57 90
22 63
29 46
34 16
84 32
16 71
40 43
5 3
20 58
39 6
7 16
78 36
0 72
71 12
78 10
45 88
0 68
51 29
14 37
98 99
69 14
22 9
9 27
65 29
37 4
88 96
21 66
84 21
90 56
86 69
66 31
57 18
51 60
0 18
98 98
69 67
64 91
29 73
70 94
54 60
50 42
56 23
60 41
97 51
97 83
72 15
66 81
85 70
93 85
88 91
83 57
11 99
48 92
24 70
38 79
30 88
21 87
64 34
28 61
85 77
44 9
92 62
90 77
32 83
15 20
27 50
77 90
50 77
82 74
48 20
5 78
60 79
17 24
13 45
37 98
74 33
7 18
96 49
48 80
32 63
53 11
13 82
1 15
60 35
42 60
55 47
90 68
26 8
44 39
5 82
89 80
67 48
50 63
97 98
96 30
61 49
93 27
31 95
42 43
30 84
55 38
32 46
58 10
6 2
50 63
36 91
95 4
40 46
19 37
44 15
19 58
16 13
37 0
8 79
95 90
16 51
28 0
49 86
10 7
41 12
70 77
4 66
33 44
64 5
33 60
72 53
70 89
66 7
41 26
87 36
16 55
87 45
55 88
83 17
95 24
30 66
54 86
84 39
30 48
44 63
60 69
68 31
10 34
38 51
12 77
87 29
32 27
26 39
15 61
57 11
86 87
29 92
73 13
31 55
13 28
70 73
97 39
4 59
25 95
10 90
72 49
19 57
76 97
96 44
58 53
55 96
92 84
40 65
49 72
72 62
52 43
87 1
34 44
60 11
39 22
1 11
71 72
68 48
69 65
44 80
70 99
76 63
35 69
80 36
41 5
50 45
48 37
98 34
81 10
45 20
32 99
84 3
71 52
3 93
69 47
73 92
98 1
55 85
70 87
21 63
92 71
60 92
61 58
78 94
68 24
67 0
23 51
56 46
55 59
39 77
59 12
69 57
66 76
43 88
63 64
52 8
88 12
52 1
23 31
95 43
7 14
96 82
65 52
28 21
11 68
98 70
32 19
80 98
95 23
87 10
39 91
18 79
55 71
80 78
2 28
22 61
42 70
43 60
22 71
81 85
39 31
8 24
2 88
74 97
63 13
7 2
4 78
82 12
1 14
90 55
42 64
16 37
34 59
97 8
30 30
94 22
13 2
98 15
42 72
12 5
38 71
59 42
1 41
54 2
8 97
9 2
13 25
39 0
84 36
8 67
18 54
41 31
8 91
46 50
63 10
7 1
34 67
96 35
60 2
90 68
51 99
71 17
25 62
17 61
51 77
80 69
84 73
1 92
64 47
95 80
58 2
33 44
21 29
79 82
84 21
2 35
21 25
4 98
88 73
11 39
51 44
60 87
17 61
79 34
61 26
14 71
81 47
15 2
29 94
36 65
16 91
52 89
16 57
87 56
30 50
47 33
94 8
20 12
21 52
46 82
78 12
53 11
11 68
14 40
15 2
57 83
93 10
72 62
67 11
70 49
61 18
83 56
78 55
20 99
7 18
82 38
82 87
49 93
56 15
86 23
18 43
6 63
53 30
25 72
93 96
22 54
66 57
62 44
12 34
95 72
4 29
10 86
17 59
80 73
75 66
48 45
61 54
8 15
84 86
39 77
34 61
83 0
18 98
96 83
84 91
55 89
73 65
75 90
76 7
15 3
73 63
48 87
17 9
2 53
95 41
82 81
55 17
81 25
67 77
8 52
20 15
93 93
80 68
35 9
28 50
12 53
13 13
40 82
74 42
87 21
36 21
2 43
91 83
68 58
12 29
62 84
44 55
30 77
76 65
38 4
16 2
57 81
15 98
16 41
92 55
62 80
29 64
75 20
99 96
30 63
25 45
48 21
52 78
50 28
95 88
84 63
43 94
97 10
44 13
52 88
20 14
21 1
31 96
73 82
92 4
46 69
1 46
91 53
76 93
34 71
34 70
35 77
16 32
87 60
97 39
1 69
6 22
71 89
18 44
71 63
0 69
32 53
15 75
59 91
69 93
15 3
15 2
32 32
86 19
44 35
11 45
4 69
67 27
58 38
24 81
1 76
51 85
30 18
61 89
62 82
34 77
37 1
79 69
33 17
40 30
52 51
75 56
72 95
36 30
85 60
64 86
36 67
71 18
85 84
7 99
66 93
76 3
95 7
72 80
24 13
62 76
16 38
85 89
85 21
71 70
33 35
56 69
2 79
88 40
64 47
39 30
93 68
34 40
75 58
72 52
23 35
80 40
73 65
29 10
38 52
80 71
88 88
93 42
67 33
34 83
80 74
66 25
94 52
65 21
10 38
73 34
73 6
74 98
23 55
8 14
7 40
85 47
28 78
42 47
63 76
31 44
2 49
21 96
1 87
70 11
77 95
97 2
1 71
52 25
78 60
39 38
52 76
37 80
7 31
27 70
8 10
66 62
59 88
11 60
27 81
24 56
76 21
58 30
45 10
7 75
22 98
13 74
26 3
6 33
34 33
56 94
96 22
57 55
62 20
68 41
53 44
97 81
65 7
11 62
17 70
38 91
68 3
17 95
6 23
80 93
57 36
87 5
59 96
12 73
68 32
15 21
76 64
3 94
72 66
56 89
37 94
33 57
98 50
52 56
74 33
49 83
21 89
88 32
85 52
6 54
85 73
27 61
37 82
55 9
49 12
51 38
58 84
95 8
34 0
65 60
85 66
95 6
7 83
39 45
36 97
51 73
70 78
34 7
61 90
69 10
54 20
0 12
4 95
21 90
95 38
3 80
56 98
87 64
34 78
9 22
75 60
95 97
38 29
56 51
71 25
13 77
45 13
90 1
9 63
44 56
53 99
37 9
97 76
25 83
6 34
5 33
94 0
30 85
82 86
36 5
12 2
83 9
15 25
63 24
88 7
81 93
58 70
2 55
98 28
91 4
14 96
37 61
49 67
46 31
5 34
36 69
36 71
79 4
96 42
80 36
1 61
29 59
83 84
66 81
64 57
85 78
6 74
39 55
93 37
38 99
24 26
68 12
98 99
16 94
41 97
83 94
10 12
5 46
96 24
27 60
33 65
91 39
39 30
94 85
68 84
84 92
11 52
4 9
52 73
55 45
22 38
92 32
3 97
78 99
73 58
12 7
23 3
46 14
33 93
99 53
77 35
97 40
40 54
1 92
27 57
89 49
47 81
33 50
31 64
50 4
22 14
11 97
17 10
63 2
3 15
8 32
50 57
25 90
11 26
34 90
83 24
91 31
57 77
33 40
41 35
45 63
49 8
12 18
18 75
73 73
42 81
58 45
90 83
35 2
9 22
44 45
98 36
28 7
65 61
48 6
97 45
21 98
53 33
17 24
60 90
49 55
23 59
0 65
94 87
67 4
9 64
1 59
0 29
67 65
42 15
23 39
12 44
38 65
29 7
41 41
97 43
96 72
2 96
37 97
84 57
53 45
21 54
5 73
35 24
90 77
91 13
17 3
9 7
20 38
14 62
79 63
57 28
87 59
24 76
8 60
33 61
6 6
67 63
79 2
39 21
80 30
86 49
85 95
56 5
85 22
19 17
85 76
45 72
88 21
48 96
82 34
10 40
40 77
55 72
80 94
45 12
76 32
13 61
79 21
66 65
43 38
34 28
66 31
52 54
52 52
51 34
86 13
26 27
90 81
51 22
27 96
86 3
80 99
64 60
20 83
77 15
21 11
95 39
42 47
94 46
0 97
81 38
10 59
17 0
41 68
75 68
17 61
72 97
13 88
57 85
23 34
1 96
97 96
36 91
96 30
38 48
27 71
86 89
30 56
41 23
24 16
44 93
30 68
91 43
56 0
28 80
87 81
28 84
30 64
28 26
94 66
26 73
89 64
62 71
20 4
95 97
72 39
90 2
59 33
97 15
34 78
47 21
11 76
57 41
40 37
19 87
3 97
12 44
62 75
16 82
31 63
31 55
54 22
10 13
7 7
28 93
37 28
14 49
56 24
42 48
61 62
87 17
59 0
13 73
75 29
8 58
92 39
13 46
13 23
11 21
83 40
14 20
20 81
21 28
57 64
76 70
26 64
87 37
64 53
11 91
82 19
49 27
10 14
25 24
38 37
45 21
29 11
41 1
44 15
29 1
79 57
72 57
21 11
94 37
64 57
28 99
28 29
26 39
44 3
63 34
92 60
55 73
23 48
74 68
63 55
69 42
13 93
99 34
5 46
24 69
55 4
68 84
34 46
23 30
2 38
64 46
98 71
20 21
71 94
41 87
50 11
81 63
4 33
49 61
79 73
83 34
30 51
70 16
50 93
46 4
31 62
50 81
85 70
55 56
17 96
43 19
59 77
34 16
10 35
77 89
61 60
75 91
64 46
7 66
91 5
22 75
67 72
56 4
95 63
12 64
60 8
83 71
85 69
87 95
4 17
36 17
29 11
8 45
9 15
11 1
72 33
76 91
58 84
95 5
48 8
69 60
16 4
31 1
73 71
48 29
88 84
47 17
95 7
63 57
75 26
10 47
12 86
39 22
22 34
27 70
94 96
30 10
52 62
63 77
33 11
6 73
95 5
42 43
13 57
52 88
84 62
87 48
0 26
70 22
61 97
93 7
45 75
18 97
89 33
74 74
97 32
47 44
90 42
87 55
99 91
95 35
53 82
83 53
9 5
28 22
54 21
29 99
48 99
48 38
33 74
12 82
7 12
26 49
54 66
4 5
57 99
41 63
81 76
16 90
82 44
12 36
17 94
88 18
93 36
56 78
11 20
60 70
84 39
19 90
5 23
96 62
22 37
25 55
65 94
46 47
90 10
36 60
4 24
78 50
12 34
80 23
6 41
93 91
80 64
81 37
87 77
99 61
66 77
17 32
23 15
31 13
25 19
73 82
43 3
84 56
37 64
31 96
57 77
87 89
41 68
26 81
98 78
94 16
55 11
48 30
78 32
95 56
51 69
38 47
24 74
3 62
90 34
58 48
63 97
37 5
17 16
86 15
94 80
32 1
44 32
31 22
64 26
78 68
47 68
15 72
94 70
86 85
56 96
33 20
93 22
25 10
38 63
78 84
95 10
85 91
42 68
14 59
95 44
27 94
65 94
66 59
64 4
44 20
0 29
40 45
4 17
56 94
32 86
79 28
96 64
71 90
33 37
1 80
82 80
74 99
74 93
58 38
49 55
11 50
84 3
47 40
73 55
35 5
41 14
85 37
78 57
80 63
94 81
95 28
62 22
27 36
67 86
27 16
93 90
18 77
93 66
18 66
21 53
24 63
19 9
0 49
18 80
13 13
62 60
93 76
82 21
12 1
59 91
18 52
81 36
81 75
2 51
93 24
56 69
39 75
79 39
25 97
72 90
62 86
2 8
62 85
29 26
86 40
18 56
92 99
93 25
26 47
77 72
23 33
41 62
61 72
54 38
70 78
28 84
64 30
92 78
67 73
56 6
13 74
14 57
74 7
83 52
7 12
24 30
97 66
93 58
38 99
96 60
77 76
97 93
7 41
23 26
15 79
84 80
54 99
38 80
6 73
32 65
85 9
96 82
75 41
41 65
92 89
78 69
66 75
62 25
68 85
51 35
16 36
16 70
87 6
50 45
79 35
11 16
44 59
98 71
52 91
36 44
33 66
13 99
93 27
24 62
64 27
97 80
15 13
51 2
71 53
48 50
88 11
18 84
70 17
55 22
60 44
66 93
10 31
44 4
58 68
66 74
48 15
54 63
29 57
18 52
63 18
55 3
29 73
88 99
42 95
21 3
39 39
48 2
70 93
6 80
13 24
54 61
39 60
25 20
70 95
73 85
13 28
88 42
1 28
41 44
76 14
99 15
5 47
17 27
92 75
7 6
51 13
67 91
25 44
63 95
39 36
32 4
16 21
46 18
1 39
14 77
5 65
45 10
64 14
37 57
42 96
63 93
9 82
84 35
27 48
82 18
36 15
23 53
88 69
23 41
61 89
71 66
54 16
29 70
82 66
27 24
15 42
18 24
25 2
11 4
2 94
22 91
61 45
44 1
67 19
42 28
8 13
46 14
81 75
84 64
94 64
88 9
6 6
85 83
61 49
87 15
43 62
6 56
7 50
57 26
69 51
6 29
65 53
43 46
80 80
62 74
44 51
35 2
57 73
38 18
22 25
86 17
39 92
73 47
43 82
25 64
85 32
46 50
37 89
49 17
21 11
44 65
62 31
20 72
4 58
42 26
35 28
95 75
21 20
74 16
2 99
32 40
83 78
90 20
20 91
38 93
55 34
59 69
65 31
41 70
41 36
48 76
64 96
3 37
16 77
5 71
29 90
11 64
68 53
85 40
45 75
34 52
61 45
21 26
28 15
48 69
3 49
97 19
45 1
57 61
30 14
32 11
4 95
76 25
49 13
17 46
40 51
98 1
48 71
79 76
86 28
97 41
77 95
61 74
48 70
35 78
84 20
90 41
15 18
66 16
31 83
62 23
87 12
24 87
84 3
16 22
31 13
64 60
60 25
34 8
95 22
87 31
94 29
72 61
47 38
78 30
74 92
53 13
5 29
0 89
32 16
63 16
82 27
28 42
4 63
51 51
37 90
83 31
19 7
44 18
98 22
0 72
15 5
85 72
34 37
13 18
54 76
34 36
4 63
78 60
78 81
12 67
71 47
50 42
54 94
12 52
17 12
76 84
69 61
8 3
99 21
22 5
97 8
41 53
71 71
14 1
53 78
20 76
25 70
19 79
65 31
84 34
96 60
70 65
74 78
69 73
99 43
30 96
51 23
2 75
94 16
76 99
94 97
76 19
19 95
50 84
78 34
18 74
47 40
40 21
18 9
94 17
52 76
66 55
99 68
30 93
36 59
45 30
56 21
1 75
68 3
12 46
90 82
21 37
23 61
58 41
22 4
11 26
80 29
81 79
97 64
24 33
23 21
15 79
42 68
6 62
71 70
9 61
53 82
50 76
95 8
69 17
12 32
95 44
61 28
75 58
92 52
43 15
73 10
46 68
78 5
30 2
75 91
63 28
73 14
56 68
74 78
37 39
10 84
83 72
13 11
82 5
63 78
21 88
88 19
8 19
24 91
21 52
82 36
80 8
50 89
28 77
19 18
16 29
2 51
53 15
62 88
73 77
66 94
66 6
65 26
77 90
17 98
42 52
35 74
60 37
15 40
66 34
58 82
16 13
34 69
28 48
57 1
26 75
47 44
34 65
70 11
55 40
62 49
92 97
75 4
86 43
44 53
77 55
87 45
20 73
67 48
22 24
2 48
52 1
44 86
66 66
49 73
6 11
74 98
60 50
2 99
45 99
52 74
6 91
20 26
65 87
26 87
63 80
87 15
82 83
53 0
49 55
74 56
66 0
6 79
2 9
78 47
60 82
22 18
73 94
44 38
81 22
77 96
3 16
64 85
99 17
37 49
24 63
57 91
64 63
70 66
24 0
66 84
82 40
2 55
34 98
46 15
21 75
11 24
92 75
61 91
45 98
92 21
14 49
12 78
65 34
96 89
34 14
26 68
54 28
24 88
79 22
55 0
97 19
76 41
94 37
85 91
87 77
13 53
79 77
31 44
64 80
33 50
94 59
19 49
40 95
89 19
69 45
71 18
64 47
60 10
36 45
54 75
74 67
29 53
96 12
97 60
92 83
63 39
42 82
40 34
29 29
5 98
26 76
16 90
75 76
1 11
73 55
87 48
74 68
53 22
80 51
83 25
86 98
64 80
80 56
15 61
37 20
59 64
49 27
54 24
56 7
36 29
14 75
29 40
43 83
63 23
86 98
48 72
96 64
52 28
72 19
89 10
40 0
74 89
27 80
65 35
40 1
65 54
28 46
47 71
29 10
47 15
60 47
87 56
64 92
36 36
11 77
46 51
77 72
92 56
53 58
92 93
11 9
99 40
55 98
63 85
8 62
52 20
10 40
28 26
32 64
62 43
41 61
47 70
33 91
27 86
1 71
31 65
32 31
57 87
81 20
24 90
35 77
62 45
69 91
71 53
55 85
48 49
46 47
19 80
91 98
18 92
69 50
9 53
33 66
93 14
39 17
56 74
46 19
71 67
10 94
72 17
79 21
66 78
20 38
58 11
36 76
56 58
78 65
11 63
84 56
78 75
26 86
1 24
5 72
92 67
18 64
37 49
37 55
27 58
93 37
21 82
66 77
92 44
95 55
8 79
12 38
6 38
24 7
62 82
31 6
1 49
23 38
98 60
94 78
70 39
15 92
21 81
21 65
26 16
21 86
47 33
24 53
23 0
60 85
82 91
92 84
92 15
22 91
27 68
69 50
8 36
94 81
18 15
47 96
84 68
82 31
53 58
85 76
58 97
13 41
89 57
25 81
72 99
24 52
68 45
54 28
82 48
61 0
63 8
48 47
28 30
31 33
88 16
61 46
65 75
39 54
32 16
88 57
16 64
61 36
10 15
16 44
63 77
96 78
38 44
78 18
74 9
4 14
77 65
12 42
92 4
49 25
20 37
34 88
1 95
76 63
10 92
7 25
22 3
3 12
47 33
82 73
42 86
39 19
4 4
14 96
8 63
73 28
52 7
69 5
54 45
69 64
90 28
41 64
84 45
76 83
78 10
57 73
49 48
44 53
52 58
1 60
73 75
41 77
82 10
83 37
7 4
53 97
32 47
13 68
44 89
52 74
52 9
47 1
9 44
54 62
2 55
74 28
30 15
5 65
77 40
54 85
44 59
34 29
6 48
97 50
89 49
25 41
10 24
42 20
68 48
34 23
4 8
51 86
24 8
3 1
49 9
38 45
21 73
26 79
73 76
30 62
77 7
56 88
83 98
60 52
47 46
27 3
54 30
41 30
38 97
84 39
58 22
85 79
47 63
59 20
39 41
35 17
0 91
57 83
41 69
87 40
15 14
43 69
44 37
0 35
86 36
74 44
58 11
24 58
75 35
30 14
76 65
83 76
8 40
11 50
9 99
90 24
13 86
46 10
75 98
45 61
34 19
5 44
31 81
2 58
16 85
72 44
2 56
20 11
48 84
13 58
83 3
82 48
41 80
58 68
78 55
29 12
75 87
9 58
20 63
16 37
48 40
33 51
48 6
14 97
90 27
55 73
82 89
73 76
70 84
44 48
39 26
13 14
13 22
24 33
85 40
22 86
33 56
89 81
14 3
78 4
82 33
29 16
75 2
92 45
38 89
45 78
15 10
44 28
32 69
13 70
61 88
56 94
96 97
28 10
0 6
66 82
92 95
50 67
49 43
64 88
32 61
18 47
72 62
27 56
31 92
78 45
80 34
39 28
31 67
38 83
26 4
17 18
51 68
37 53
63 1
93 95
62 11
94 86
73 21
43 57
65 21
2 46
8 93
74 91
61 65
27 87
21 44
57 73
64 94
78 27
47 71
22 61
82 68
48 7
89 43
64 7
64 66
53 24
60 79
16 73
44 43
12 66
39 69
91 4
15 69
31 62
40 6
75 74
74 23
81 16
66 98
23 83
64 28
7 76
7 75
49 52
70 13
70 10
34 61
66 49
82 49
63 22
55 39
48 82
14 81
98 33
79 73
16 44
1 75
72 60
3 74
12 73
87 34
35 22
47 53
23 29
3 87
3 10
78 51
92 92
33 90
25 12
15 93
8 16
21 81
29 24
7 41
49 94
28 37
68 75
90 92
5 45
79 8
56 9
60 48
1 45
91 79
9 6
24 18
75 45
51 4
21 58
97 71
52 25
60 21
53 2
65 58
48 44
18 4
53 30
4 6
75 95
85 85
54 62
55 81
7 6
85 29
64 34
52 68
12 64
41 65
66 6
75 14
2 93
70 7
24 75
14 51
70 51
88 24
13 43
5 73
49 42
54 65
29 6
86 41
70 27
58 88
86 33
3 88
78 73
96 2
48 62
6 71
65 94
95 79
38 53
52 39
47 58
57 76
64 43
69 86
22 27
74 60
12 29
49 91
55 97
45 3
11 51
74 76
98 22
55 88
27 59
27 74
17 84
51 33
79 72
71 2
0 98
62 64
79 63
55 34
12 53
38 23
56 64
52 54
86 59
42 65
19 22
40 88
58 43
74 38
15 45
92 67
95 6
32 75
22 39
9 34
44 99
10 1
64 62
7 2
21 2
68 92
24 60
33 82
3 7
72 70
4 64
90 0
23 74
75 45
13 36
31 58
36 93
11 0
7 18
54 81
72 22
73 96
34 58
31 37
65 3
60 70
20 50
22 43
76 49
40 89
85 71
99 21
17 62
73 24
33 28
57 5
2 83
2 37
41 33
26 7
88 38
29 8
88 51
51 64
0 43
6 37
67 57
59 84
20 32
60 5
12 18
10 15
1 64
4 42
49 30
1 38
69 30
46 9
33 50
26 85
93 84
23 60
93 34
96 13
66 57
70 31
75 81
46 28
45 2
70 95
32 72
85 53
54 83
15 40
33 41
25 79
77 0
39 70
34 36
36 53
45 6
84 72
87 82
0 85
84 70
32 68
94 17
22 1
52 37
41 86
30 66
65 7
67 56
77 1
44 13
6 41
72 90
13 11
72 13
96 8
84 80
77 30
49 51
31 2
88 72
88 18
91 5
77 10
13 6
63 10
72 70
51 44
60 65
55 85
78 4
93 14
84 22
45 34
73 28
36 13
1 76
31 44
81 60
54 46
67 17
56 91
87 8
35 0
25 42
85 3
46 30
70 31
5 15
17 78
95 53
92 48
29 75
92 62
88 46
8 55
64 17
46 3
77 33
3 2
75 40
5 22
23 27
5 28
42 22
6 90
27 50
38 56
26 31
70 14
29 30
21 45
47 19
49 76
52 4
78 79
45 36
53 68
63 58
96 58
32 54
48 59
5 86
67 83
69 37
49 99
20 22
96 19
41 45
96 45
2 26
24 47
62 78
67 78
88 15
36 73
69 36
32 26
74 52
61 44
41 10
95 61
32 43
81 73
41 29
70 43
55 95
90 70
25 9
48 65
24 36
38 93
72 23
72 46
75 33
42 16
44 89
30 28
33 63
54 74
92 24
17 99
71 59
21 48
68 69
66 92
57 4
37 29
79 9
28 6
95 22
75 39
64 5
19 97
68 73
23 12
98 92
63 21
3 85
70 23
6 36
67 64
92 4
45 24
66 73
30 13
48 5
4 12
10 23
61 30
97 36
94 47
28 58
68 83
43 38
6 49
26 73
65 19
29 11
43 47
36 73
60 84
31 64
48 93
88 9
76 85
45 70
84 25
28 52
8 23
43 14
25 69
39 90
88 69
53 83
16 90
9 77
26 40
41 75
85 81
36 61
18 82
32 2
59 12
55 68
36 50
34 61
19 26
51 60
95 5
43 63
47 4
92 73
96 34
0 82
67 37
95 86
71 27
88 30
40 95
50 28
45 37
89 17
15 92
77 62
49 72
25 96
29 18
22 25
4 74
59 71
11 55
9 34
34 50
17 26
45 19
54 43
8 95
12 23
88 41
85 37
65 63
86 94
81 8
72 37
82 31
60 46
38 70
80 25
72 49
51 69
69 58
12 77
5 76
1 93
17 38
83 83
1 69
29 34
29 1
23 11
33 84
9 23
6 90
48 78
91 52
47 60
62 12
38 67
40 91
61 58
81 96
93 35
65 22
69 94
24 93
57 9
29 67
32 35
9 81
65 0
33 64
13 95
76 3
14 17
46 27
27 27
23 72
62 40
94 32
86 18
77 44
79 6
63 12
93 24
45 58
76 78
22 89
25 51
92 39
20 38
67 99
18 42
71 80
83 65
64 69
36 93
65 15
99 80
79 92
4 24
2 81
54 77
22 31
28 15
71 0
5 90
99 23
84 70
56 67
87 20
89 75
14 54
43 65
87 22
10 91
99 64
24 53
41 47
85 21
14 8
21 71
50 72
95 34
94 51
54 34
23 43
9 89
49 52
7 36
27 17
80 26
81 56
79 75
55 16
96 69
76 70
41 26
94 88
13 89
91 67
75 14
62 84
56 63
89 63
0 16
80 32
42 13
40 73
40 96
42 89
17 18
59 10
97 5
98 10
46 89
29 21
56 91
6 12
54 95
27 6
63 59
38 57
72 31
30 65
27 24
54 44
43 65
55 92
70 5
2 17
95 31
38 3
22 96
67 28
43 94
35 6
53 25
63 77
56 46
42 83
70 96
80 65
61 35
57 32
40 59
1 87
42 91
42 64
88 9
45 31
3 80
38 8
5 1
86 14
99 28
97 70
77 77
35 90
64 93
74 57
4 75
96 47
67 39
63 55
48 8
38 4
40 76
12 98
30 50
12 29
79 9
99 8
39 87
98 55
32 73
12 88
48 61
35 67
0 51
74 0
11 13
56 52
89 69
50 71
19 14
1 50
75 52
10 14
91 9
22 23
82 86
12 82
47 99
2 47
50 76
0 14
89 56
18 31
77 20
2 97
34 55
99 9
60 10
76 51
71 98
75 5
84 39
39 84
38 41
31 41
18 83
7 59
40 25
90 17
45 45
66 31
0 18
40 12
80 16
64 51
14 91
8 51
30 47
35 20
89 18
13 59
2 20
18 94
97 61
11 42
6 30
73 58
48 66
71 28
82 87
31 49
78 39
52 60
38 39
32 79
57 46
38 11
18 9
57 16
70 21
10 28
51 36
38 51
2 61
31 36
48 14
85 78
53 89
38 43
28 71
23 38
69 61
1 87
22 59
3 44
80 14
72 83
50 63
34 4
24 17
40 25
31 78
3 36
67 94
79 48
17 2
86 86
16 39
25 90
50 29
35 82
95 7
65 97
22 51
1 47
20 41
72 51
19 27
87 39
73 19
87 90
73 25
28 89
16 54
32 67
35 67
49 82
26 67
79 49
18 80
96 39
73 20
42 45
99 82
84 73
1 23
15 74
0 96
16 16
2 48
83 89
15 33
71 41
0 2
90 70
34 38
61 7
10 56
52 62
38 88
87 39
63 54
13 63
50 81
32 4
29 15
93 44
0 64
38 52
18 80
75 52
71 88
60 81
44 64
95 82
5 82
21 20
37 87
36 87
68 68
44 98
35 37
94 36
54 84
40 72
65 67
25 36
56 37
69 0
53 65
35 58
47 8
79 36
95 15
76 16
35 20
66 70
57 60
6 63
97 99
36 62
66 13
50 22
50 19
75 3
36 10
14 36
18 93
72 66
60 48
82 95
68 48
65 78
60 24
41 57
75 29
71 41
42 73
16 92
93 43
48 81
53 62
17 23
7 90
41 67
90 75
14 11
75 31
41 36
55 34
45 30
64 69
24 6
42 40
51 87
83 51
69 88
13 38
63 72
80 5
91 71
32 5
34 8
36 75
96 44
9 93
26 25
62 50
84 57
90 87
96 25
38 65
65 3
56 29
75 36
86 66
7 18
23 93
78 59
68 74
55 30
68 82
55 82
32 39
91 75
26 88
52 64
5 18
19 61
99 94
98 37
12 57
7 35
51 86
47 71
60 2
53 80
84 9
15 69
0 6
44 27
46 96
43 4
14 63
17 65
9 15
2 74
25 10
61 28
96 8
51 8
63 5
41 47
66 56
68 66
14 12
45 13
61 89
17 27
4 34
93 65
2 95
39 79
5 1
59 53
61 10
14 24
67 55
24 33
63 92
52 29
57 97
42 18
86 11
45 42
98 90
8 0
86 99
31 43
52 90
49 66
52 63
90 72
70 66
57 33
11 9
14 68
7 57
38 93
20 35
88 18
26 48
70 64
47 1
59 52
43 8
18 48
23 60
72 45
27 29
30 90
39 45
58 46
2 48
91 74
83 79
93 61
27 15
77 27
69 37
31 64
97 49
12 73
9 84
18 88
66 49
78 5
94 88
51 48
88 42
22 24
74 67
85 1
83 63
80 4
52 11
68 49
12 33
22 74
69 93
62 35
42 93
40 88
33 91
36 22
86 10
46 60
78 83
13 13
98 46
69 50
57 37
0 22
70 74
96 92
67 58
27 61
3 20
49 37
11 85
59 49
48 57
61 78
92 27
43 91
73 12
41 82
49 93
4 72
68 0
16 87
11 43
49 14
63 98
51 27
36 62
28 84
71 90
14 64
17 57
55 90
69 96
72 70
42 29
94 10
29 10
49 40
54 50
55 69
1 58
48 37
21 77
73 44
67 87
8 36
96 15
78 65
64 2
35 6
31 30
68 61
92 17
53 98
68 60
68 69
19 68
58 92
45 83
36 64
22 97
52 18
12 30
35 76
33 70
82 64
52 2
77 45
20 83
43 40
43 63
61 14
32 71
6 29
54 95
94 28
44 46
46 56
29 33
85 62
3 19
78 8
22 8
5 94
91 0
86 86
16 47
1 0
70 59
29 76
6 75
4 50
74 2
59 3
35 44
17 90
63 95
98 85
55 55
31 98
8 17
85 24
16 38
24 86
49 53
62 8
81 18
58 55
20 17
58 55
13 27
98 77
22 48
14 78
4 98
28 12
15 13
36 84
3 12
70 5
17 85
13 98
3 23
53 24
93 63
31 6
90 29
35 65
78 50
95 34
0 23
46 15
89 34
99 44
46 22
49 63
7 14
14 62
38 67
38 83
83 70
89 73
51 77
38 81
79 85
67 79
9 65
94 98
99 46
94 97
20 44
13 79
10 27
41 0
46 80
83 29
2 25
55 5
2 45
39 81
31 6
60 92
72 6
42 23
4 36
73 24
32 38
3 43
17 97
43 15
29 27
97 83
52 52
40 6
49 79
87 32
38 99
24 62
5 18
85 10
55 10
86 39
48 42
82 65
39 26
81 20
5 30
3 9
82 43
15 83
75 2
16 13
53 92
75 58
63 12
20 70
75 7
9 23
1 92
41 40
70 74
12 75
4 15
84 38
10 99
21 85
53 89
50 6
34 77
16 97
42 37
67 17
96 28
92 97
20 33
89 90
59 1
17 63
68 53
53 78
52 27
16 57
16 18
15 2
48 32
51 90
21 18
7 69
47 99
18 19
85 59
62 44
60 79
60 80
33 13
10 37
40 78
47 9
97 62
11 45
46 63
87 19
33 46
40 32
97 58
4 82
17 18
79 29
97 91
9 82
4 20
72 97
50 71
58 47
33 21
44 32
36 31
51 22
29 92
6 27
2 10
61 20
28 40
1 78
31 63
12 88
35 36
37 85
7 95
33 93
68 29
25 5
61 28
27 42
72 85
69 75
96 31
47 76
23 0
54 7
63 19
95 98
55 84
84 63
31 17
56 99
98 33
56 11
61 35
54 34
21 23
61 17
6 60
45 30
60 52
89 24
71 36
74 26
20 58
41 51
27 97
2 26
30 59
37 44
94 91
30 15
67 43
84 25
3 30
55 15
82 96
91 53
32 66
31 52
76 73
55 4
22 58
82 53
17 19
49 63
63 79
79 82
22 15
7 25
45 15
92 79
11 84
32 44
2 16
48 78
89 4
34 11
14 16
16 83
88 65
46 3
44 77
85 18
93 44
43 90
59 88
70 23
72 54
19 26
70 67
4 11
23 39
75 37
7 91
20 95
9 19
98 5
48 35
24 41
80 19
84 91
7 54
14 31
8 33
9 31
53 66
42 76
57 17
66 64
61 38
12 70
9 10
27 58
98 3
51 78
23 35
21 82
41 36
66 50
21 27
33 26
93 75
55 50
93 21
67 54
11 79
76 21
89 3
79 39
7 82
17 82
18 39
16 59
27 34
61 0
62 94
27 7
22 34
58 15
7 25
21 18
4 49
91 45
4 22
85 63
5 54
45 23
45 14
34 24
0 48
25 62
42 4
70 16
38 80
83 45
57 4
15 61
53 7
58 58
29 95
21 86
50 19
9 47
85 96
72 85
44 97
0 38
53 22
55 91
2 38
88 59
95 55
72 0
14 30
10 44
78 32
30 80
3 92
27 40
40 99
25 84
48 25
22 1
99 29
44 1
20 32
12 15
40 84
15 54
67 26
50 97
10 33
77 65
25 4
5 65
4 30
1 52
8 75
6 7
5 50
61 77
35 25
92 75
10 59
29 29
85 80
26 47
13 3
12 90
59 17
7 63
0 60
68 60
35 74
19 92
24 80
69 11
58 13
86 68
73 68
49 58
0 27
6 13
82 70
55 41
88 14
57 40
74 77
0 61
51 71
54 27
4 75
39 62
89 77
82 62
45 83
72 45
10 30
10 44
1 17
37 41
31 94
33 57
71 33
19 74
56 25
2 60
0 93
22 41
22 4
3 68
87 28
65 49
58 28
93 59
45 83
52 29
77 85
86 1
70 57
75 27
82 29
39 35
74 62
76 97
18 32
17 58
60 34
59 70
62 5
82 60
88 34
41 65
72 27
18 42
85 94
21 19
75 61
54 50
23 83
99 93
15 16
3 27
2 63
49 65
68 31
77 56
18 18
73 90
97 92
84 34
38 6
54 13
67 8
15 42
43 14
35 58
82 39
37 85
54 87
2 22
70 79
30 88
49 3
30 46
47 15
81 85
21 87
51 40
95 66
82 39
81 69
49 63
60 39
0 14
78 2
36 48
33 18
89 82
22 71
81 21
86 14
7 59
1 58
99 48
76 33
39 57
3 41
73 63
80 73
78 58
28 66
58 61
85 99
96 59
71 77
80 9
91 39
21 44
49 20
92 26
54 32
83 9
73 8
72 5
82 2
63 62
69 73
23 6
25 19
65 96
48 97
57 91
89 78
35 38
51 80
64 57
12 0
66 37
8 38
42 42
41 57
4 62
82 80
68 7
51 85
55 0
34 13
91 23
91 79
62 94
59 78
51 23
30 17
60 39
8 54
33 49
11 90
63 45
22 31
53 73
68 8
73 2
21 17
26 65
96 40
59 7
18 11
30 49
80 42
40 88
96 25
89 59
67 52
4 89
35 9
63 3
18 88
6 91
5 32
56 53
24 68
60 94
31 42
43 11
84 35
0 80
13 41
91 80
94 96
22 29
5 37
33 75
25 91
67 83
75 75
88 99
43 49
93 74
91 89
38 28
76 90
8 89
31 0
22 77
48 44
7 5
33 92
81 58
35 48
93 10
75 82
9 19
83 54
45 26
43 83
54 20
73 15
61 5
67 83
82 67
79 41
72 64
85 5
75 20
53 68
30 81
2 91
0 85
46 45
64 41
29 70
13 54
85 75
59 4
10 94
71 42
87 96
6 25
1 81
97 7
2 80
88 4
71 88
42 69
85 6
11 66
76 24
21 14
51 32
18 62
78 42
4 18
38 62
43 39
44 92
98 46
72 86
2 96
26 44
65 12
50 28
78 79
5 99
93 56
84 63
70 62
5 26
80 95
89 75
35 85
20 33
31 92
72 33
40 98
30 6
10 80
86 41
11 91
92 56
0 76
20 70
91 77
97 23
73 86
51 60
71 71
45 54
15 17
39 56
68 21
14 78
54 0
71 65
44 64
22 44
92 94
14 83
71 11
7 44
49 58
56 72
81 2
78 96
71 70
52 39
91 66
70 45
19 93
11 63
57 33
7 50
79 73
85 50
37 44
47 86
54 3
11 35
57 89
32 81
59 36
72 51
3 94
96 74
88 59
37 97
44 96
99 23
69 85
74 6
29 73
45 84
28 56
71 86
97 55
19 57
92 43
60 47
38 8
21 78
68 10
75 12
6 75
36 27
60 62
34 41
35 31
77 15
87 1
53 36
56 72
45 48
16 5
47 6
14 20
84 34
30 59
98 88
86 86
16 98
48 2
40 35
33 69
51 72
70 4
8 79
29 54
79 97
11 27
3 77
47 39
11 78
50 10
18 37
96 34
35 97
36 27
84 21
49 35
45 71
92 6
50 21
12 30
18 23
57 73
53 56
64 64
86 14
26 5
51 75
39 39
72 28
18 8
1 19
44 47
91 88
5 41
61 17
23 31
92 32
4 45
89 68
62 75
34 88
32 38
63 24
77 87
4 47
96 5
67 92
4 10
32 9
3 93
78 27
24 71
59 80
16 48
0 78
76 34
19 8
72 82
32 1
22 36
1 70
94 20
14 98
30 46
60 33
39 38
12 15
9 72
95 78
72 47
56 48
81 27
9 6
10 93
7 84
30 60
6 76
80 20
74 10
18 86
96 9
25 8
24 86
80 71
16 5
18 25
5 51
52 14
57 14
60 17
50 90
77 56
66 10
28 92
20 98
79 68
7 56
77 83
94 9
6 63
14 24
88 72
28 40
38 37
55 98
54 5
40 84
14 58
94 42
51 66
41 82
35 0
90 64
84 36
73 90
99 40
67 39
64 47
80 2
84 87
1 91
44 41
27 58
0 73
53 3
39 46
37 26
98 79
90 82
15 16
25 67
8 44
6 72
91 86
74 75
25 27
18 70
21 45
80 73
18 85
76 10
83 65
36 82
44 79
16 59
47 93
78 7
37 85
31 80
23 57
8 49
85 26
71 6
72 3
79 42
89 7
52 72
72 41
6 16
20 23
27 19
16 6
26 6
43 57
86 66
14 94
67 51
21 38
9 45
42 40
87 83
47 92
7 71
33 14
39 5
89 19
24 57
25 2
63 68
11 2
86 77
96 54
81 69
44 90
66 86
31 54
21 30
46 29
54 79
95 93
36 36
12 60
45 89
14 9
9 25
63 96
54 59
2 35
81 46
78 47
85 9
53 6
91 51
87 45
82 34
91 18
70 55
30 16
45 44
77 6
21 92
54 76
3 56
63 84
3 41
84 88
2 37
46 94
41 34
91 23
20 82
42 43
90 72
11 87
69 40
93 90
32 48
18 35
56 34
72 59
75 56
99 78
45 98
24 86
84 15
10 4
50 4
47 92
76 10
79 97
50 72
88 82
72 58
18 29
92 90
40 20
98 92
98 43
90 74
30 74
41 92
30 91
96 78
83 72
88 14
22 91
87 10
73 11
20 43
40 65
85 33
85 83
25 83
79 67
9 9
41 50
1 71
94 97
1 29
21 42
44 95
85 83
5 58
94 78
54 87
43 39
20 28
75 97
63 54
64 72
63 57
74 16
80 68
65 34
98 38
76 94
34 61
77 91
71 71
69 25
10 64
17 30
92 92
79 7
46 43
31 61
0 6
77 33
74 94
67 24
84 43
18 18
56 47
62 79
71 83
5 81
48 22
12 92
14 43
0 12
87 31
73 39
89 2
72 64
96 39
40 80
34 11
51 42
58 13
22 29
48 79
11 96
53 75
41 19
18 93
31 57
76 56
97 66
58 21
82 6
61 22
38 47
33 41
90 92
54 64
21 3
43 84
51 48
59 92
67 30
85 98
87 62
6 84
80 64
58 62
70 19
84 60
18 18
2 8
62 8
24 35
63 19
20 15
67 31
59 34
13 97
84 1
11 90
37 91
6 95
53 28
66 89
89 85
59 91
45 21
99 70
9 63
89 81
30 57
12 41
43 78
38 80
79 1
70 16
92 77
64 97
5 30
87 46
15 46
37 61
20 89
31 29
4 72
10 86
81 74
27 25
52 18
5 83
19 27
52 64
56 16
13 14
46 52
60 62
99 50
75 71
39 6
0 95
30 62
81 12
88 60
89 41
30 46
76 2
73 28
18 30
44 31
44 91
84 56
53 35
6 28
6 97
86 58
44 68
72 77
80 60
38 21
53 68
67 30
22 41
58 40
23 55
72 19
46 8
75 51
95 34
31 53
83 17
63 28
37 35
5 70
95 95
91 1
16 59
31 38
52 41
79 75
96 3
94 94
63 21
45 58
55 76
63 91
45 26
19 83
61 24
53 8
72 96
9 88
7 92
78 59
86 9
86 34
12 32
29 27
54 26
85 61
3 0
52 0
26 23
35 87
48 40
48 72
37 9
12 44
54 90
56 92
0 42
26 64
75 7
92 81
34 29
42 89
30 47
89 56
70 25
96 70
17 96
42 54
5 54
51 59
45 7
3 97
1 30
61 76
37 53
57 23
35 52
12 65
99 2
73 21
79 69
92 96
65 86
3 23
93 6
34 90
65 38
87 66
20 48
43 57
54 52
81 89
56 45
6 7
99 79
29 78
1 73
27 18
59 82
93 52
88 28
94 53
18 81
19 38
82 14
95 88
19 28
29 75
74 35
83 73
66 64
4 19
37 83
38 48
65 31
53 5
11 47
10 29
81 81
67 15
48 15
3 67
43 84
94 69
71 29
95 37
93 51
9 82
34 47
83 51
30 88
8 42
35 18
23 68
51 91
83 99
6 38
18 1
22 13
23 93
42 70
83 88
21 92
70 55
91 5
58 73
93 66
67 81
36 91
49 39
34 85
39 92
75 57
45 98
22 68
43 65
38 78
53 11
22 75
18 65
33 76
39 26
94 6
7 30
49 9
70 83
46 61
27 21
70 73
71 93
41 15
58 32
45 63
43 20
90 62
85 75
90 76
2 85
35 61
67 84
22 89
20 68
2 47
90 73
20 61
66 14
28 76
98 26
91 41
46 33
55 31
9 98
8 63
35 43
76 2
79 99
44 99
67 46
99 9
71 19
23 89
33 3
65 83
29 8
77 27
94 32
11 55
82 19
18 17
14 94
72 45
45 16
97 13
14 96
74 86
15 97
75 1
1 93
84 82
53 61
10 47
46 21
54 28
92 72
98 58
19 70
3 64
38 52
29 52
48 4
90 16
53 18
17 6
63 53
89 16
67 51
16 13
24 70
93 16
95 91
26 66
13 81
82 51
34 12
56 82
68 46
98 73
64 67
80 27
21 69
96 40
72 64
53 96
34 98
64 81
42 90
47 55
23 82
59 57
46 15
92 66
61 42
39 78
10 19
57 83
40 53
23 12
17 28
8 4
78 72
37 20
14 85
28 38
19 87
95 65
54 39
31 67
82 70
45 92
42 3
27 82
8 2
47 78
30 55
82 60
80 19
81 46
56 61
84 27
0 32
92 54
71 75
21 5
98 19
49 40
74 76
74 82
78 21
60 60
29 94
21 61
66 54
7 74
15 44
2 67
76 46
21 99
74 94
5 72
13 54
64 87
31 38
70 61
12 82
74 93
29 47
54 47
53 13
73 20
57 75
87 85
74 8
85 48
2 90
72 16
96 36
55 27
26 25
41 90
60 67
83 41
66 89
88 19
55 61
39 12
89 26
50 15
86 35
15 88
77 87
56 73
23 12
53 49
89 46
92 1
13 75
42 79
17 82
50 72
96 89
36 37
15 86
52 1
73 67
41 2
6 50
76 29
62 81
30 3
27 22
5 92
50 47
23 67
82 73
91 78
62 27
67 29
66 71
82 39
38 75
42 44
25 70
25 87
51 7
91 30
30 96
22 80
95 45
99 29
18 90
59 32
69 26
13 35
97 95
27 87
70 21
83 96
43 8
35 94
16 78
24 98
26 98
30 74
43 29
3 13
71 63
45 92
89 58
80 39
5 7
26 27
80 10
75 23
70 11
69 86
41 93
36 68
91 66
94 86
47 97
99 18
12 96
63 54
6 43
93 63
50 19
90 82
81 66
5 52
29 74
90 22
19 27
42 62
93 36
48 41
86 99
11 98
47 74
52 5
17 45
68 19
17 10
53 98
28 58
2 57
84 93
32 3
20 74
17 13
11 17
6 97
68 18
47 15
44 0
72 14
97 40
85 66
3 39
17 31
49 19
41 34
12 73
89 32
99 7
98 10
24 4
59 93
74 7
60 19
59 33
85 8
25 70
75 28
61 92
12 11
11 53
97 24
78 86
8 77
45 6
88 22
63 99
67 37
58 79
8 69
64 93
78 90
16 53
70 77
45 34
88 56
87 37
32 65
76 93
43 21
99 83
95 14
82 62
52 93
42 60
62 58
6 40
0 22
93 71
99 90
5 40
99 45
77 31
10 53
76 5
27 76
88 22
42 23
37 94
68 31
7 30
89 13
23 90
35 68
13 86
59 70
26 58
15 56
41 78
61 18
35 40
46 24
63 88
99 52
35 67
83 42
49 24
7 72
66 94
93 31
80 52
2 59
62 69
67 3
99 28
21 35
69 19
11 84
8 62
88 95
29 23
37 30
47 44
55 66
38 48
97 70
52 99
29 14
21 48
17 20
77 91
55 98
10 18
34 70
80 22
65 61
45 54
44 92
50 99
58 40
99 56
11 51
7 92
65 28
41 34
1 70
25 8
68 88
27 2
10 59
24 28
21 21
82 65
13 85
16 24
25 15
32 36
66 91
81 31
72 22
17 73
44 43
33 64
83 60
66 93
20 42
21 93
63 56
58 28
41 26
4 66
41 88
55 7
80 88
90 52
62 7
77 6
2 10
70 85
23 88
31 95
82 4
40 97
12 98
77 53
24 82
72 17
70 79
76 2
67 66
6 29
25 35
87 80
98 57
17 21
45 48
68 79
5 8
76 17
58 53
71 34
87 95
51 10
26 27
12 93
45 71
74 22
6 61
2 4
70 20
77 67
68 45
46 25
53 74
43 63
27 66
97 15
61 48
25 39
27 89
84 72
60 58
47 67
71 49
23 93
69 1
60 90
46 58
15 52
32 58
15 11
76 13
26 89
13 3
28 93
45 12
17 5
70 64
24 93
14 48
86 35
1 46
77 47
56 93
51 88
3 67
0 80
32 78
69 97
34 98
90 79
62 8
36 33
24 13
78 38
13 65
26 14
63 3
13 72
48 65
60 52
32 12
84 64
43 5
13 77
55 4
8 18
64 96
3 88
9 81
79 22
98 57
88 14
60 2
86 9
67 46
13 51
11 97
67 54
2 80
31 58
84 91
76 0
87 79
41 97
12 72
71 11
29 12
25 89
14 11
50 33
9 63
84 20
12 51
74 67
31 57
77 68
48 5
20 36
36 61
85 48
33 8
11 14
20 36
4 86
99 6
19 9
22 3
81 34
6 56
1 38
13 30
58 62
35 78
50 71
40 35
20 25
43 31
40 16
20 96
2 19
54 74
80 76
29 62
63 36
70 16
74 35
47 32
49 82
62 99
54 54
86 26
32 82
9 24
98 81
20 52
53 26
78 33
3 8
47 66
44 69
82 18
5 29
2 6
64 16
6 70
71 92
96 3
74 57
27 24
39 99
29 92
25 7
77 80
15 25
98 59
46 33
29 3
14 83
10 78
0 68
48 23
60 96
78 87
54 5
63 45
56 92
37 33
52 14
66 67
91 64
79 38
49 8
93 64
44 3
42 44
71 43
19 84
91 97
23 97
54 86
42 10
31 31
95 35
46 61
2 89
78 33
79 27
42 73
43 86
28 38
82 0
81 1
36 24
50 59
22 4
97 64
66 80
96 61
15 94
75 70
35 5
3 15
32 97
40 76
35 68
66 69
20 47
22 56
71 72
67 45
76 65
62 42
97 58
56 13
4 31
83 39
36 38
54 20
36 94
48 71
15 14
41 35
13 63
44 37
36 11
34 64
76 96
59 74
54 15
39 10
98 74
50 86
12 56
58 0
3 59
72 18
25 65
5 39
28 49
28 16
61 62
33 37
59 92
63 65
7 54
76 57
28 26
43 93
82 53
93 37
12 17
55 38
82 61
29 63
10 57
31 23
71 64
61 30
8 76
96 67
83 24
24 11
50 19
56 84
73 2
22 85
19 29
75 54
42 4
17 5
61 0
28 33
65 41
15 25
70 63
93 53
87 17
16 89
89 73
26 62
75 0
99 94
29 75
0 24
79 17
29 93
70 57
78 87
51 93
12 21
57 5
74 96
75 90
86 64
15 64
26 90
64 77
37 45
52 37
69 84
7 50
77 77
8 7
64 59
52 76
32 61
34 6
58 9
48 96
73 64
60 99
6 24
28 43
69 81
33 91
17 92
41 46
69 1
53 85
12 5
13 44
67 47
2 77
56 51
73 29
15 33
80 21
9 9
17 30
42 2
21 59
94 15
5 15
16 10
0 29
15 65
25 34
13 28
11 69
79 84
51 46
69 83
19 30
92 88
61 34
90 34
45 84
49 2
51 18
12 3
99 80
69 24
66 82
4 78
3 35
14 54
81 84
38 53
66 82
41 27
69 32
62 66
68 11
69 72
81 81
75 80
13 44
5 80
26 9
10 82
97 24
88 78
60 78
31 27
61 25
54 82
9 68
48 77
32 17
49 13
51 25
94 64
21 51
96 0
12 6
82 9
83 70
40 43
49 23
22 62
48 29
44 57
97 92
87 29
62 88
95 13
65 41
29 87
92 78
87 4
84 21
66 19
91 6
63 92
29 85
6 30
66 2
87 64
95 74
45 9
63 40
22 28
33 3
67 25
81 54
82 18
75 48
37 19
6 52
63 87
90 70
17 56
72 5
72 19
31 18
80 46
10 2
75 44
58 42
21 91
49 3
9 76
3 99
95 9
51 59
97 93
81 14
50 5
71 22
77 3
92 57
49 55
12 76
99 22
71 20
13 20
76 75
96 79
74 44
41 77
55 38
23 88
4 73
93 76
47 22
31 40
80 32
95 44
61 46
66 32
18 79
4 94
6 52
26 32
96 67
10 3
57 33
91 13
58 37
41 5
59 72
97 91
57 44
35 18
42 53
2 61
85 6
7 91
10 85
24 7
52 86
62 61
71 54
75 29
43 16
86 2
41 36
46 98
32 33
16 75
87 70
88 72
76 47
15 86
33 91
45 37
77 60
99 0
14 26
81 57
42 20
11 35
56 57
33 40
91 1
15 30
71 55
54 99
3 21
86 36
13 83
73 42
43 24
43 9
50 24
18 45
44 82
80 52
39 66
93 82
19 60
64 91
16 18
42 71
40 80
7 5
64 32
47 59
9 90
21 11
15 39
56 11
21 89
64 13
7 9
47 26
21 12
69 37
82 12
60 74
92 19
79 8
52 27
68 13
17 89
24 84
80 33
48 2
74 64
67 81
73 14
59 94
78 29
84 13
41 44
87 85
16 67
94 68
46 62
33 15
3 57
0 83
42 0
37 16
64 4
49 89
71 9
35 1
90 71
14 83
