1000
5 9
71 91
85 94
76 70
26 81
68 93
70 56
68 72
67 4
2 45
59 64
84 53
65 36
81 89
18 64
9 75
73 32
67 58
27 43
80 5
76 1
99 47
57 19
71 25
75 73
22 34
89 58
88 6
95 21
48 13
37 57
89 10
90 8
20 69
3 53
74 80
6 25
27 15
97 98
92 72
24 14
7 65
73 47
72 68
20 20
33 58
29 74
20 19
82 93
40 86
98 67
66 4
92 45
19 41
95 64
14 71
78 73
37 51
72 9
71 92
81 5
2 10
79 75
82 62
68 22
0 66
41 18
22 34
63 41
75 10
5 41
82 36
14 19
87 86
28 11
31 61
68 33
71 47
60 53
61 28
28 13
46 69
31 68
55 94
10 83
5 67
24 87
3 91
58 43
29 38
6 60
99 74
46 70
73 6
76 87
35 4
0 33
25 32
2 81
78 12
16 83
31 92
22 87
83 32
82 13
70 88
25 69
14 71
92 87
30 20
74 17
76 75
50 1
59 52
34 37
64 50
73 48
43 47
87 78
80 69
91 50
9 17
72 23
40 16
62 70
36 37
87 12
64 38
13 23
90 0
12 7
2 85
55 97
33 42
76 13
63 19
15 72
88 87
95 29
3 57
99 91
46 39
3 62
77 69
85 19
21 50
26 23
35 33
21 68
75 49
33 90
68 49
62 57
88 9
38 44
19 89
35 17
28 91
80 57
12 17
77 33
67 3
56 3
37 77
23 64
78 57
7 47
58 69
56 98
31 94
42 50
83 30
19 64
73 99
21 85
17 98
18 36
54 74
39 43
4 15
59 82
24 66
81 82
88 37
32 19
31 27
21 67
9 40
31 82
92 4
67 61
55 37
97 9
63 89
4 67
4 63
2 28
82 83
62 22
73 94
93 4
73 14
23 82
6 6
64 50
11 83
11 66
20 9
27 84
98 31
3 54
46 5
34 80
41 96
2 14
42 95
70 16
61 46
50 20
52 15
70 63
50 82
81 71
43 8
7 41
91 10
47 90
68 81
70 9
29 25
75 23
72 97
91 86
43 42
6 96
9 28
11 59
62 93
30 5
53 37
98 45
0 45
87 68
78 9
29 7
34 4
31 59
53 74
45 97
16 3
93 25
31 56
85 94
49 67
51 55
5 50
52 57
47 39
25 26
48 6
85 35
62 16
94 15
43 91
12 59
94 57
37 77
14 22
71 15
89 75
70 46
25 74
55 24
13 80
50 14
86 36
49 0
4 95
16 47
86 28
59 80
38 96
57 4
70 81
19 11
8 42
58 85
68 13
9 82
46 60
96 84
48 97
85 4
92 53
52 30
33 63
62 71
59 19
75 81
52 47
92 60
41 2
45 9
68 55
43 14
67 91
50 67
40 87
71 84
40 75
14 74
38 76
97 49
48 25
82 52
24 75
13 17
77 10
78 45
17 22
11 36
65 14
3 6
1 27
90 94
2 57
20 93
33 17
94 33
42 77
86 18
4 51
35 81
61 14
79 31
88 42
67 53
56 23
59 10
50 2
4 52
59 24
97 44
93 44
78 88
73 16
6 77
67 42
58 80
8 89
63 96
32 31
49 40
54 61
2 4
63 6
8 74
82 58
18 76
2 48
16 75
16 22
52 35
16 62
68 24
4 31
20 88
62 22
28 68
35 31
72 98
89 33
24 24
91 94
52 45
95 68
20 11
90 24
99 7
38 67
83 42
98 56
30 61
78 11
29 65
94 54
15 35
39 39
59 30
33 11
27 80
79 47
92 22
23 91
81 61
58 64
56 8
20 38
21 50
1 51
15 95
57 30
83 96
69 94
78 55
6 5
35 37
4 79
11 27
22 92
40 32
57 96
41 29
35 62
80 88
65 47
36 74
78 19
70 99
13 0
6 71
57 94
61 61
73 72
40 48
17 81
32 74
29 73
55 16
88 35
5 5
83 41
80 13
12 2
12 25
55 71
49 12
65 10
74 90
34 14
38 51
47 71
77 29
96 33
45 36
68 2
42 3
43 74
16 55
76 81
33 31
52 82
44 69
44 70
59 78
36 50
30 84
73 7
13 69
40 10
6 61
13 0
64 8
74 33
16 2
66 49
34 70
83 30
39 27
0 98
5 88
0 35
72 73
95 37
43 35
0 1
48 65
53 65
73 27
98 89
29 16
90 15
86 73
97 25
0 49
75 58
38 76
45 62
49 40
52 44
28 52
97 76
17 50
93 42
29 91
84 11
59 74
26 45
0 76
22 52
25 50
10 63
78 56
78 79
48 30
76 76
82 73
5 51
76 98
45 5
42 29
16 53
56 95
51 56
71 73
60 48
75 23
12 53
31 42
33 79
72 61
8 6
34 65
9 10
15 54
16 9
84 84
63 40
79 14
48 2
39 8
51 15
83 15
20 14
57 5
94 29
66 54
87 1
71 96
63 86
2 31
96 86
16 11
78 95
77 78
98 16
87 49
83 22
16 4
37 73
61 83
54 28
37 41
81 8
89 44
46 91
76 94
30 92
5 8
39 34
87 89
51 26
90 86
48 6
42 37
31 4
20 85
32 9
78 13
69 67
9 16
11 85
10 41
29 68
1 21
54 40
10 57
18 53
44 19
11 86
56 43
90 29
28 74
38 7
87 8
26 49
24 37
34 86
30 16
6 84
89 61
76 51
18 95
4 62
14 16
1 22
59 43
51 39
18 90
46 5
50 25
6 26
14 93
12 45
9 71
81 50
84 57
1 2
52 58
17 18
74 70
93 85
13 96
76 31
38 75
89 88
0 95
14 14
88 79
11 49
2 44
99 86
2 1
88 6
59 57
77 85
27 70
22 41
18 98
24 57
25 13
45 25
9 12
92 97
43 55
99 45
0 98
31 2
99 71
60 10
29 37
47 8
59 69
1 78
20 26
35 45
39 32
23 48
96 15
98 39
70 97
36 22
47 67
76 47
91 37
9 20
74 57
80 86
78 82
64 98
8 51
44 47
35 67
48 32
34 98
23 56
47 60
79 94
79 55
93 70
92 55
42 19
12 23
5 90
5 21
41 65
72 85
64 59
4 64
43 90
14 67
46 13
79 77
8 58
33 53
81 77
8 23
48 72
98 5
15 55
26 56
20 50
93 37
10 97
1 53
87 68
72 85
81 51
63 41
62 48
47 95
77 55
18 26
80 69
31 95
24 58
51 97
60 44
86 70
93 39
76 32
7 48
69 89
0 32
82 14
32 29
9 10
37 79
36 17
48 19
64 25
29 67
74 90
63 60
12 56
99 88
40 7
37 9
48 89
94 30
3 26
12 12
36 49
91 24
66 92
44 82
17 25
49 91
15 12
3 28
20 2
16 12
61 5
21 9
94 67
92 97
46 4
61 34
53 5
59 71
97 55
5 66
80 54
9 48
18 12
28 38
14 44
50 76
50 23
37 96
43 29
94 89
85 55
23 90
12 82
13 9
89 18
27 22
72 36
70 90
48 98
80 15
94 30
91 96
6 28
93 49
10 39
38 47
46 13
38 59
48 51
20 37
70 48
11 94
84 81
85 33
31 17
0 78
0 91
26 6
71 71
7 33
10 97
81 9
10 19
68 58
22 88
48 92
36 59
87 73
93 24
58 76
93 58
54 93
49 81
51 72
52 58
58 15
55 39
24 18
10 44
76 32
32 76
77 21
36 64
94 29
40 52
5 33
10 12
79 11
45 30
35 49
89 93
64 96
32 88
66 94
84 95
27 17
71 4
90 59
20 84
40 12
88 46
97 98
10 76
61 55
7 96
4 48
90 21
96 74
61 63
69 46
10 48
63 81
52 53
41 24
89 81
36 77
79 85
27 41
62 88
96 21
84 53
69 26
74 17
1 35
32 22
81 42
70 96
24 22
1 17
98 90
50 86
67 82
71 46
23 33
34 72
54 71
25 75
97 51
45 98
38 77
72 20
20 42
68 96
16 70
65 14
12 15
0 32
97 72
78 73
57 13
45 12
84 22
39 33
73 84
84 11
62 56
83 34
99 4
82 15
74 47
82 38
62 82
70 12
6 49
85 64
14 82
28 50
4 67
83 77
4 67
40 18
24 24
52 23
80 34
90 54
33 72
44 95
7 15
59 13
16 96
77 30
78 5
80 82
25 15
59 29
83 52
47 7
28 51
82 8
37 72
14 70
97 58
17 4
73 77
17 41
73 47
71 52
52 3
86 77
19 98
58 54
50 5
13 78
8 95
38 45
19 52
15 16
10 33
72 36
62 42
77 87
89 1
91 41
56 78
71 27
76 29
81 26
87 94
56 95
41 94
41 61
98 8
29 60
93 54
96 7
96 26
95 85
79 86
78 87
16 1
15 92
83 48
70 70
95 78
17 36
24 10
49 22
71 31
83 64
85 31
72 81
57 19
18 88
57 48
76 74
50 91
66 33
91 89
55 86
67 24
23 92
87 72
66 58
55 49
22 40
81 46
73 90
65 91
79 23
40 7
49 42
98 67
75 41
56 82
28 76
58 51
20 45
75 86
