1000
7512 891
6796 4010
8601 4478
6221 569
7693 5627
8199 5068
2818 2837
1647 943
4490 8500
8030 6022
6621 6045
146 1434
362 8751
8361 4715
1791 1690
1809 5655
8933 4957
9665 7534
9435 2239
4456 3480
4218 2655
8549 7036
5492 6548
7980 6334
5048 2362
8709 8021
8407 5207
9455 5122
3958 4168
6189 2101
2210 7998
7756 1143
9307 3774
5029 8742
6013 9485
2223 231
8492 7124
3619 3985
24 7951
6671 5072
314 1732
3093 5073
3291 8900
195 7250
3068 6385
9351 5278
735 3460
2773 43
7234 7802
5137 9599
7288 7360
6182 5780
836 6153
6117 860
4105 9141
2284 4419
873 1729
9492 4165
629 6040
7767 49
2425 3470
5327 9512
6930 4452
9555 516
2255 4693
6467 5895
8405 2649
1675 9242
8803 4145
6454 9260
3286 8739
3679 511
468 9523
4676 7450
5563 8795
7499 4340
2266 9179
3853 9196
3631 9760
6065 5886
4453 2532
8133 9211
1534 9809
4805 6689
306 1259
5949 3592
6350 5980
4103 6819
5503 5132
621 7419
3927 8120
8111 6193
7299 8316
1742 931
8077 7807
3169 8882
6691 1303
4445 8225
7464 9250
4914 7770
6862 863
7714 3212
6843 1817
6383 8699
6949 7004
6118 7229
5125 581
3422 8776
8898 1516
6059 3327
5675 9229
8561 2367
6884 3007
592 700
8609 5507
8470 5471
2722 6184
5036 9566
4353 7771
4617 7655
1128 735
4884 2605
7668 4658
1381 2918
2527 7441
6245 8202
3022 1159
569 9906
4166 7514
606 9127
9373 5428
951 2095
7964 5987
8013 8669
110 2630
6324 1238
9717 7560
3843 7386
8571 1577
304 1098
9018 2902
5652 2040
4061 6222
8298 4579
88 5256
3706 9461
684 4657
1556 5000
6996 5922
3669 7107
8552 6346
8345 8270
3906 8541
2008 8829
118 8664
6279 9136
1566 1932
7528 5627
4506 2178
206 4594
7434 265
4055 8118
4922 1963
9470 1919
7885 3139
9026 2790
9485 3723
7412 9744
2264 9420
4925 8734
8084 1205
7870 6003
9489 1750
1630 3995
3928 8189
4941 1362
8454 8996
5832 9728
7311 5302
1647 1549
4794 7025
4339 631
7101 8103
375 5717
3875 5301
4452 8311
2858 8674
4314 2347
425 2297
6342 705
486 1283
8420 5292
6631 604
5020 294
2259 3020
1843 7053
6397 2534
7684 3498
6989 4412
5568 864
6065 20
9176 8923
8694 9842
1270 5471
2139 3964
2529 2625
1599 949
4269 4582
7905 9290
4876 164
8662 3072
3569 5059
1958 7606
4910 8948
2018 478
6164 4435
498 5340
3358 5544
5183 980
1016 3674
1296 9897
6300 9247
846 569
3829 8751
6211 8705
5268 4873
8129 5189
9933 88
2795 1195
5388 1165
1673 1552
5600 8523
3245 5310
4067 4780
2642 1435
8454 290
1332 1106
9537 8530
8028 3366
3634 4239
8424 8902
5465 6553
4091 5398
2993 3239
2945 8381
4404 4618
6286 6357
3141 9531
1667 3560
663 662
4996 9117
952 2680
6576 490
1211 4604
208 1197
8843 8632
6451 4308
5186 6894
6058 8179
133 9003
2913 890
9973 9199
7247 9466
5082 5266
3027 2097
5928 4375
1214 3233
7055 4142
75 4618
8746 283
5815 3942
8916 8618
4602 454
5513 7013
4985 1998
2368 7898
2888 2342
3449 135
1808 4883
1754 1187
6980 4034
5562 4547
7267 8970
8689 7342
3588 7436
7626 5756
7730 6542
4374 8684
3348 6239
5697 8333
8238 8066
6232 1126
6760 6033
7614 4920
917 9368
2460 7897
3402 8022
8796 7022
6992 7486
4364 6933
1274 8342
9041 9004
1236 9767
7688 4584
6007 9738
2918 4245
4156 5502
1723 7268
7887 9337
2188 8804
5057 4648
3054 4812
9023 1850
1834 2367
9336 2550
5652 6962
893 4693
2318 8481
813 7
3066 6820
6097 2336
7417 253
7838 9140
3873 5725
4830 2413
882 9887
3414 288
4699 2437
2138 2885
1156 7827
5436 6809
4789 2681
7854 7108
1162 8667
3467 4228
5487 5916
2916 9256
2521 754
8397 6394
2832 9579
8807 66
9466 2221
354 518
4658 2492
9755 2167
6671 5191
8976 7813
4224 6830
1273 5387
1850 1092
5967 3689
7008 8884
2946 9529
5990 7695
5923 8822
7274 4730
8888 3092
6952 9242
9962 7962
8087 9718
129 1110
1261 5457
8923 5486
2288 196
7225 490
1288 3192
4179 8296
8428 7125
4177 4419
1172 100
3241 4798
1183 8482
7891 8135
4076 4205
2449 8515
3923 8931
9626 1537
4388 8549
3375 3028
5098 600
3518 2738
3792 7698
7387 2221
1175 1564
6640 8700
1665 6233
3498 9200
1067 1389
3687 1496
1947 6136
11 2222
5067 5989
3759 5808
891 7134
8836 5989
7734 8707
5079 7879
6405 2466
6452 3932
4031 9444
2632 2048
2029 6131
1248 3097
3872 1287
945 2171
7423 7308
4394 8843
3298 8153
4651 4189
1640 9839
6530 5726
8546 1609
9957 1303
4076 6409
1588 4459
5853 4220
2859 7883
6703 459
7332 6928
1746 4629
9099 5521
1937 9845
4364 5235
4351 5367
5776 5991
1559 2306
8069 105
268 8027
7761 696
4436 9349
5155 6642
9921 4366
877 2977
4825 4561
9905 2923
9190 5356
8444 7479
5202 9161
2715 5905
880 4843
1896 2439
7150 9965
8897 7418
4344 6658
8114 8781
2359 9621
1775 2280
339 2652
5257 5164
3565 1514
4439 2755
3223 9235
234 4777
4748 9301
682 5629
4145 8930
4420 7647
5247 3317
1417 9592
6327 5883
4725 8686
5504 6500
967 5843
5504 2576
7359 9069
443 8150
8176 3666
7385 8410
4795 2134
4064 5477
4115 4561
4407 8535
2208 9654
8205 3625
5598 4532
9508 323
9571 1364
3175 6890
3559 8679
9466 7270
4100 6261
5420 2276
9927 2805
7039 1074
1291 7455
6551 5406
2016 7310
294 4224
3317 4851
4201 8915
5735 3709
5591 5306
1425 8766
2196 4984
3798 8015
2254 4250
4276 4026
2879 556
3183 9918
1630 827
7373 4534
6233 9389
1844 2879
9965 1513
7730 4166
429 3466
4227 2372
5124 5652
7490 7321
6988 7640
1688 5594
1891 5964
5972 1122
2872 9155
1040 4503
9982 4765
5389 2568
506 3585
1799 471
5099 9530
989 1880
9348 1568
4252 4472
3572 8094
8145 560
5735 9833
2506 3978
5798 8478
5100 8670
3985 2492
9525 3968
7257 4914
2888 4115
8500 4687
4586 9951
4217 1927
1831 9917
3495 2435
4390 7067
529 2535
3979 6264
2369 2837
6594 4519
1315 1694
9541 1652
4186 5419
5620 7795
333 4860
1910 5185
9548 2848
5136 117
4775 3319
35 4622
5754 777
8041 6284
9664 2020
8900 8385
4857 5495
9256 2524
3541 8798
4177 7728
4217 6149
1875 902
1010 3786
2440 558
2986 3928
675 4114
7248 7062
8736 3002
4191 6778
5638 3856
5150 4539
8593 8
34 7850
8884 3575
6648 3061
7655 7217
9211 9531
8119 221
9669 6911
7131 2655
840 4158
3121 8088
7573 1858
7442 1764
4988 3081
1972 138
7620 566
6498 4006
8416 5383
3933 5064
8444 1589
8633 4007
7472 3104
580 3493
16 7711
2500 856
1870 5622
5296 9443
7480 2738
7559 8820
5819 9532
8958 9791
98 5457
3797 8514
7192 7731
9930 5636
5672 8563
5996 9496
8019 6576
2989 8035
4288 5489
8891 2510
1111 539
8305 4943
3278 5864
3763 5449
1748 9074
5241 1846
883 5390
6712 8075
9473 2994
63 5145
7909 6059
993 5929
2636 3982
3964 3276
5824 9208
5786 3287
9747 443
4583 9377
6307 4698
4827 4408
3772 6420
6254 1007
1810 9319
9082 7636
2313 5498
9133 223
7909 127
2504 6897
461 6468
173 6285
2028 2311
5925 8128
2754 508
7505 5414
5206 8684
9822 8979
1456 2428
6338 9619
1747 5421
7255 413
7271 6388
6988 5180
6515 9492
2078 3329
2312 8603
9614 4341
915 5539
2469 21
6047 6326
1787 7606
1363 7961
2937 2819
6742 9275
2438 4841
1048 6045
5254 8319
8786 2242
3500 1653
8086 1930
4982 399
533 4597
1092 7800
6488 9913
4174 8888
6239 5961
6494 3954
275 5783
3126 7017
5058 5564
1858 6107
7962 3465
778 6748
2059 4278
8401 6498
2560 3384
6897 3094
4333 7989
7246 7173
7902 1420
6061 493
7382 8907
4448 4009
4690 7574
1026 9749
9490 9236
2208 3804
9053 2986
552 7465
3617 5306
3963 6177
5042 860
5623 9375
5201 2870
6548 9455
4290 8962
9948 8024
7869 748
8385 8912
4674 5763
5013 517
5000 7221
4321 405
207 1226
7870 176
6532 1833
6354 7926
9045 8329
7301 4246
1199 201
3701 1842
5515 2
6218 9737
750 4604
8649 1777
367 3662
2294 1719
883 2967
8477 7442
545 6347
7619 7077
4533 325
1355 3578
8654 8656
4177 6206
5210 7878
4400 725
4232 6970
462 1335
7926 5463
3112 4646
9125 1758
6365 6360
4725 4842
155 1623
7542 4126
8700 2075
4451 6408
2005 9457
5064 6182
2015 6626
4061 2767
3704 4645
9738 518
5980 7664
5982 9092
8662 5107
7202 1380
7820 8280
6222 7975
9903 116
2101 4955
8543 2904
1363 549
8713 2780
6731 7081
9406 7144
9848 9462
1790 5938
9981 7770
3603 2315
3215 8617
3774 417
9997 1594
5049 2572
5921 4952
2688 4374
9908 1232
7278 7623
1781 5992
403 4864
9425 6162
2009 9273
5624 151
5212 1957
7921 5167
4272 7488
3784 4399
4258 3782
5993 9307
6354 1915
612 5394
6289 520
6626 9920
8143 4759
2264 4899
9624 1689
1061 7985
7314 3037
8136 2526
4995 2409
7693 5619
9898 7830
18 508
1612 2364
9815 4318
631 6779
9712 3272
3651 2691
3192 1795
3802 1808
3046 3426
9849 4107
1411 7164
7144 5899
9690 8491
8309 3736
463 4559
1566 481
5067 9530
2845 1234
200 9828
8014 6264
3101 1665
8955 2645
9812 2758
4454 2858
2536 4303
3317 300
1467 6814
6199 7510
5305 860
1246 5768
5419 9164
2602 486
8694 5447
1721 8894
5276 6087
5158 4729
7752 466
7374 7565
9576 1828
6775 2112
2484 93
8764 303
6907 4964
7813 8564
5824 9059
685 1244
8223 3287
8082 3269
5086 9803
8515 6714
5890 26
1443 9995
492 5170
3912 68
6998 687
8532 5834
7132 7297
6138 391
8613 3951
5308 789
9363 5993
8385 7586
9280 6468
7208 718
2623 5723
7433 4866
5749 5228
4861 2593
398 5125
9013 3749
5812 3898
9583 9297
1195 2073
9688 6160
6025 4996
6949 5388
7341 1687
9326 2973
8155 6534
3692 7130
8610 7477
1996 4359
9057 3209
3305 5808
8334 2318
9557 499
6216 5492
6148 3763
7566 5836
6275 3591
7185 9577
5331 878
1264 4657
3852 5771
7544 3896
2901 6154
7725 1250
6865 6782
4459 6522
2590 9146
8841 8499
5997 1409
3992 2145
1525 1558
4333 7800
1501 7870
7377 6832
8749 4993
7841 8953
764 1737
2849 3666
4243 574
1268 7461
3708 5727
3983 2651
1225 9176
1150 7222
6938 5142
5719 8463
3052 53
2615 905
7923 9993
4089 3024
1338 1931
1977 2103
20 1178
2121 616
8104 3389
8077 1813
5468 8412
4464 6694
7589 1966
268 879
3461 5988
9342 6513
2393 1957
7419 6668
8302 1508
9693 9641
9791 1670
8096 6164
2849 217
6780 953
3606 1209
9118 9074
9621 9934
2120 3562
8253 8741
4441 1714
1081 3783
4579 3474
2093 8350
142 6747
6211 9835
2740 6002
7858 836
8518 7059
1053 1650
4364 4659
2859 3483
86 2481
9769 2206
2395 8022
7299 6837
9736 8380
6972 4316
1854 5417
2666 1997
2165 8877
8184 4905
1232 6042
2094 6102
3101 3147
7753 7466
4159 612
7301 597
9445 3422
9155 8193
1445 6455
5030 7533
4835 8354
8201 6690
3772 7220
5039 2289
2449 3223
3546 33
5618 5640
6136 5071
5140 241
8889 9299
7205 6190
6248 3003
9613 5403
1196 7410
1858 2578
